100
1002 914907 8
2791 674701 5
2499 989424 7
2739 884729 5
8892 186601 5
5759 165757 6
332 539995 7
0 100 2
3376 156586 6
1033 109791 2
1329 665400 3
1616 875376 6
258 978067 6
0 1000000000000000000 1
39 1000000 3
981 265444 4
3725 832955 1
4766 385349 3
3263 62970 1
1000000000 1000000000000000000 1
2965 769993 4
8621 305784 1
6153 882984 8
34432 9999920 222
4945 279540 7
5272 393026 2
8764 690922 4
1516 476245 5
5303 577653 4
2789 205886 5
8324 696474 7
121 121 11
7243 39232 6
1108 708286 6
3825 934105 6
6366 921028 2
8989 909410 5
6311 744038 5
7597 115191 5
2675 641763 3
8129 512819 4
22322 22322 1
3127 909969 3
1405 52064 3
7558 716225 8
10 22322 2
8135 346033 4
121 132 1
21345 4441283 13
1551 635917 7
0 132 1
2433 588437 7
2519 171840 3
2228 961000 6
5630 555906 6
9523 81976 5
852 514597 2
9352 507517 9
7800 282033 2
3491 376189 1
490 499674 1
999 99999 78788
1813 539974 3
3286 977701 4
7977 626769 9
3976 759716 7
9324 755359 1
0 1000000000000000000 1000000000
9325 343906 8
2851 217912 4
400 793131 4
5579 763362 2
2871 611476 1
2035 587687 6
2590 45700 5
1396 974496 5
9597 30751 2
100000 1000000000000000000 3
4401 792858 5
1363 123520 8
121 131 1
1209 371972 7
4131 988357 1
4827 379304 8
9929 160753 4
5992 237133 9
9974 603759 9
886 56750 8
9332 549970 6
3748 207521 4
701 837097 8
938 717057 3
9412 458712 2
6574 530230 2
646 753992 3
9628 221919 9
8229 384684 2
8483 164651 3
6916 519450 6
6673 645665 9
