100
5001361
9516811
4170220
1281246
3
12
3191803
9299449
4461643
3323191
5
8237213
9999995
9999971
3910981
86293
1264969
3410821
1144
6987083
6716541
6697461
9999991
983469
2610613
9999999
1
592432
4461642
8
2360890
6735763
1750607
9999929
9999997
9999930
140839
7551991
3929879
13
9971849
3702389
7783893
9999931
1481717
4
4751053
9010879
4936439
9999162
559513
5094841
5462959
2295773
8873129
8697851
9987391
2
8248729
6
3132736
9325574
5103067
10
8460583
9999973
1862603
9999163
1507483
9
8291470
9999996
1221469
3023326
615403
6704676
7762723
6865010
7203246
390548
6513281
4461641
8763892
4125389
5331653
11
7
10000000
3949061
9309119
2196613
2872729
9999998
8184167
9999161
2044523
6463741
9999972
6537523
5388168
