29646
68843
110216
38580
113132
78508
40126
116288
75191
48626
1370
39035
128700
16100
152584
51078
45200
53932
0
46223
23400
5700
117949
42390
108482
105665
122853
111057
132223
59851
106041
71857
104933
24675
0
48252
10652
46255
48856
52000
21246
0
51814
9804
104684
68521
0
17768
102549
94560
22298
13656
45497
187347
108725
38421
19790
0
65482
31915
95605
51267
97915
150343
32742
49354
0
79482
57635
85305
93322
159773
8572
107549
0
92198
109561
23966
37548
57937
63473
47850
100272
96757
33088
37310
186982
88117
111580
60610
73169
50196
77338
160851
24908
0
141656
0
90071
7345
0
0
42136
15648
0
28546
111170
179257
0
0
125047
66339
141939
71513
48642
121310
79838
144747
0
142538
67520
59649
104864
103501
87342
89938
47613
76052
27937
92731
78629
584
60494
71894
48173
80416
36341
71870
92707
2776
105207
69772
67363
103482
86452
0
85431
76227
24564
34470
57112
92224
24279
17220
51354
83296
53937
141162
87037
74016
12236
8895
93798
27804
107788
109608
19596
121472
36799
35084
1880
42069
42365
110262
41580
4552
82354
65764
83614
80075
98607
92631
41467
110658
110361
80484
55264
3516
69464
0
28683
52238
143794
0
46557
0
46158
69997
49662
160686
75846
29842
50210
43404
69406
105691
0
52344
43332
55068
132059
71402
127711
133628
102629
55343
37345
143536
27136
130176
90593
0
35856
95044
51541
57488
105193
92112
32326
101053
33276
5493
42378
14360
24397
40548
10770
27672
40916
116940
104374
4872
0
49745
3996
130756
34966
63224
70292
42031
56229
56560
15125
14513
116735
68392
78567
87745
39410
0
81268
104258
63985
55260
0
51073
124557
130813
56597
0
73360
120084
70130
134697
66509
110854
0
120354
0
48133
23755
0
27617
12655
93410
107764
125798
47481
8134
11715
60341
22768
38274
159513
118499
81263
55884
0
61442
84645
0
43424
0
88623
90494
0
107353
85611
29943
4981
41530
161073
114645
67783
0
31262
114521
32637
98675
22256
90891
89509
37672
86563
138050
172050
59285
48595
76568
143764
61718
38172
90725
58601
105085
0
35398
64302
27738
0
98378
73434
30342
59236
0
21054
13910
125696
94475
18712
7168
134808
64576
103020
36936
82158
55616
48974
91857
40607
80206
31560
156898
55869
44587
71880
128600
98422
66296
17832
144725
6732
79693
101426
0
36096
0
74012
20169
66100
30112
162644
103011
67147
0
2644
110190
24417
29205
112666
138441
0
134779
95685
111622
99244
42179
58841
94335
92982
21946
18928
8487
57260
74055
144978
62670
24645
0
14030
42126
41381
50475
106939
163485
125041
44607
8526
47936
6845
71801
109968
50702
41243
0
47881
29620
84239
0
38744
0
67294
74992
108717
77314
89564
0
113552
4665
19150
116832
39172
81541
53973
80881
123353
98296
130997
106953
33069
17970
35190
0
61832
61000
137133
55255
44956
93970
52604
67793
45624
46011
90240
40256
52713
113873
99049
126496
108294
0
54036
154195
16138
41005
38355
6800
113813
37548
64145
87754
205738
92773
71010
50890
58952
27144
118174
2130
86652
32948
40234
61720
202016
0
109511
153473
44455
46930
92904
69403
71671
92548
59732
105965
124849
136639
52236
0
92016
99418
93590
77931
41071
0
76008
158509
162014
101802
83632
31722
84947
89260
21686
0
42850
152168
58945
858
85367
43825
172733
52902
100219
27966
118683
100065
55388
54425
58959
99148
115630
76072
60005
43102
65124
24768
29678
101447
58459
76016
80090
86970
6978
0
84556
92088
270
103001
95911
60750
68383
0
42673
2028
36704
70909
123542
68431
44392
36116
13296
18187
34065
25468
59592
65296
22189
53693
100520
0
35606
25446
37072
27115
45731
5751
58949
116387
0
0
67571
130717
163613
70931
15696
25084
81468
143763
26686
14975
86188
29496
66666
117116
120082
139943
57485
8351
110604
0
141595
121095
32564
40091
131733
109489
91896
70900
59943
100975
128504
0
96715
127777
1467
92077
37460
14514
46734
20808
37543
87997
0
34376
146449
80993
85696
69848
15250
0
91238
21475
10644
39702
109628
64240
27470
51781
83733
57357
22840
39266
144442
42165
130428
70945
111443
0
89202
10808
31788
16392
54920
83443
48379
72577
21846
0
23700
68638
42528
0
89085
142865
170104
38330
102566
128260
50363
63560
0
40868
43794
119199
136994
166168
61727
27364
122450
22092
62573
185547
138400
44997
86502
15344
67506
143310
57259
18925
31900
12765
59709
143117
109536
47596
0
86776
119059
73691
0
98302
133100
89059
69482
100205
83175
32624
33115
147109
8376
0
18007
74580
106355
110346
23745
122199
97545
46802
80629
19674
31017
61734
63550
124387
71731
4258
63959
157749
148151
67830
107350
57697
56402
55655
73632
64071
28943
16989
48276
49198
161874
169281
77832
25980
94976
0
100207
41976
61935
44530
43460
29269
149537
72220
180547
0
0
46346
87483
77541
56709
5766
47636
58144
18450
23389
26805
61573
39454
87751
86907
15012
58959
14675
97545
70542
50004
105637
78091
32744
0
45996
128589
62646
59888
151483
94077
0
92498
0
54107
93380
14380
95625
55876
82734
125195
0
80344
790
4428
0
67593
6487
44247
76100
0
67278
85890
47543
119134
48494
58660
0
91214
100260
79052
24024
2176
84349
0
62943
0
98405
47722
51240
63485
41033
99381
84328
106054
0
66346
0
83915
0
113843
0
39801
89819
56882
26282
21540
78576
83250
33698
172698
32388
136532
89743
111586
29360
0
55741
81869
50399
79386
63122
0
39642
97020
44683
0
176004
78809
114970
12417
0
13998
115343
33572
63957
85731
32606
26108
109312
0
100605
87650
0
35063
128521
171879
0
131814
102220
90876
117852
43872
116514
0
45085
151469
7632
134251
0
72804
38410
37196
68127
125469
116308
0
0
16520
28740
22692
96946
126134
82777
113900
65549
86955
149245
19050
9537
162846
106169
0
114046
100995
24387
59680
120516
24852
34727
159722
97644
70
121340
15005
93131
136987
52353
80762
75404
170612
84474
16768
0
38756
4414
2925
36149
87505
30496
0
148885
122171
63864
99836
34564
43436
24504
39752
116868
0
0
35566
102291
68956
32748
59728
0
83507
0
72998
25985
99675
23280
39579
68198
13928
92429
7320
125737
176906
58415
0
56049
89365
96875
16976
99115
111064
100867
51894
22710
81191
66794
16704
119760
67159
36164
8284
22448
102836
116844
128402
636
27799
2370
107215
83267
0
113245
0
118235
89853
58727
25832
44274
0
95564
49105
1548
89996
64043
42694
110830
0
3128
2805
18430
0
19924
73836
60443
55445
65614
36602
89491
0
132269
17414
102678
4974
39323
57870
0
102564
37326
32274
81405
57785
66317
112700
23588
45717
86925
53917
44334
4728
42232
122842
43416
13148
51953
0
125196
106600
14312
39499
59671
83681
114
35127
167423
49140
21366
3068
62581
59319
64033
37296
14223
0
0
161712
97790
51733
29463
2060
19216
56313
54161
9964
55102
126110
25480
114893
28025
171772
18364
24204
25856
135846
36809
44783
60068
158505
126180
37724
17340
101321
78167
116661
40872
81128
112853
79929
49492
90014
67663
65822
82567
43140
75726
13746
75153
78889
35388
62327
175475
37983
33916
65716
18828
77376
132151
0
87761
54016
95045
2684
109048
0
78741
98856
169633
35227
33897
10224
21649
109521
105162
69318
0
51196
56276
54712
130593
99989
38283
29853
75337
0
70150
81908
67648
119008
47572
108946
36524
82249
0
10640
139132
61414
125663
0
113939
66597
67579
10218
151133
31883
96915
23802
94451
71314
130975
61873
39187
153673
21068
25300
112604
43716
116902
74058
40723
6705
43526
58682
84082
123916
32848
12140
2920
0
0
173240
105693
0
102230
84225
143200
97664
0
27216
25380
37067
37020
29651
50879
133251
60798
75566
125214
70136
33044
79057
99407
139777
68236
24865
64270
32812
86834
36344
82478
0
0
145669
27000
22818
99173
96553
76291
105073
25587
59924
95360
59429
100301
39144
19420
106811
84048
0
0
13440
57488
23540
172442
162927
101466
56800
59762
81824
40776
108324
14249
123621
55154
10784
74092
41455
28140
103471
8328
166288
33170
0
111869
164193
24225
40423
98473
10106
54758
68951
16126
83113
46589
53984
33038
31948
0
31299
8136
108846
118144
97527
126338
57740
150758
0
53259
76123
99603
66998
94516
112346
87070
22550
36106
90512
103298
67754
19586
120549
151661
34592
95385
108190
92013
101237
82631
104042
65342
61095
168796
76873
55438
13626
43273
11265
91288
0
46790
55979
33655
138073
168447
53270
35158
38114
28790
18727
107730
136683
65030
42553
115922
81870
94840
88642
0
50684
8586
12876
63731
103497
131175
10655
78607
108249
98272
87861
7272
40689
55657
47783
71243
46208
91951
36611
108165
105471
106472
21133
8683
57326
146559
196237
35325
89763
85784
28685
34076
73088
124729
10221
111102
71644
167832
73316
102727
0
0
65988
0
15354
57926
58147
73905
107034
79630
42106
0
26671
56237
109441
5572
27698
26260
16370
71283
95952
108418
39682
0
103816
24243
0
58354
8420
0
140201
111079
7870
7120
27365
48181
62834
91213
7056
0
91954
9457
27714
63927
16051
52818
0
0
15995
104723
85121
81938
143965
13542
0
93986
91953
1820
52634
13421
54959
5667
142526
28253
104163
0
122703
39628
46459
156789
30199
74941
85360
139232
73434
64238
55231
18886
87296
147508
85994
15423
57669
72400
74223
54516
198
66591
126156
97406
123338
63987
39358
87209
73384
28770
0
57783
70485
108854
17336
0
71598
122822
30332
124705
122112
19268
113969
77359
84990
0
0
86460
60438
125591
101982
111373
27970
22270
90677
151589
126306
51139
105170
47250
42644
100593
36311
10200
0
114934
51194
41112
93366
37734
26783
45414
99101
60066
0
116686
0
85346
65203
37575
16776
40702
58565
0
121531
60644
88890
127751
41100
47357
110078
138349
56344
118522
59666
131368
36779
31574
79039
0
95120
45068
16112
0
94582
14076
105894
88856
37272
97293
131944
0
0
112505
101262
0
124422
135717
71532
26794
42253
18939
99234
111339
0
91653
21930
91809
4404
7685
0
33686
45217
16236
34930
130861
33203
32214
113853
16862
95745
122096
55100
79020
70093
83153
101052
16032
19680
25113
1065
86677
31016
71855
73558
45458
81394
19236
55812
115643
65635
49779
36280
121168
0
94154
0
35258
0
48472
0
169926
0
38974
59349
0
108002
0
159114
26916
45438
27200
61334
105114
64481
106175
11094
46401
23507
16272
69330
142681
0
17118
51300
84666
684
73796
82032
25184
134973
86152
143715
94784
0
16587
8288
116494
6833
67869
77050
39847
65032
53340
45256
0
70969
2850
6881
12375
27418
62099
20004
6648
102180
95775
162113
53094
45550
45724
50298
56340
0
67039
0
76369
189720
60251
73142
112622
153841
21998
34809
84094
149302
21765
77977
0
0
109197
187540
112333
19356
22375
123639
59391
62915
110911
75400
95813
24780
16603
106675
130952
61611
0
103847
109076
29084
10004
8362
63928
91875
0
23542
57354
2766
41235
7985
116961
134346
42887
68443
46606
35795
100363
49253
57970
74892
69825
59195
7995
49050
42944
32023
48448
138105
61291
54489
25156
110414
117010
0
146901
100663
34807
91482
1090
2350
17458
4879
34254
23938
126423
85778
104234
48688
104281
0
63496
72157
107994
73318
22443
13082
12208
137845
63559
69164
131019
81454
91873
76861
0
25966
73379
11430
0
91363
77166
31378
75354
120531
21322
22174
14799
29510
69713
42631
110096
112001
14436
2037
58557
100666
95663
14695
30828
71365
80566
50434
105762
49362
0
93945
67072
12718
82646
86612
121259
89714
92186
0
68116
32684
7686
118508
53745
141762
38578
128603
0
16280
108460
55086
104339
52798
59488
94334
15474
115258
53753
86400
97955
38354
25769
131426
76418
65413
27257
60492
134372
83404
50521
48797
63791
77237
10475
51194
15842
106026
90542
112536
0
138630
2856
0
73067
0
98699
32661
135516
114463
84617
58151
198722
43108
49725
88551
100722
73932
0
30804
117462
12078
128019
53902
45528
54258
40959
125940
29761
116691
99940
30452
76377
8688
124313
127740
62636
140177
52268
5645
52479
110379
40615
46291
3894
137038
61025
71796
1917
71194
125767
125953
83084
119775
66222
80383
108413
0
32766
63610
47731
0
73020
0
64028
96885
0
91645
70533
57427
41034
25111
4446
75868
37118
102964
0
78820
15656
59436
0
51002
16308
56843
0
51471
42073
45522
66104
115195
0
11939
84176
94824
36592
7980
67170
60756
32058
37084
0
4455
70240
40293
27510
0
42524
0
14064
21224
107316
164818
83782
40692
125092
94686
7825
23947
77503
101790
137683
13247
83965
82644
55929
74560
68810
100577
71719
59340
8468
103981
0
82248
88752
50579
13759
69049
90059
77137
148879
170726
80582
32275
1912
0
56702
19625
64235
0
0
185274
34001
24538
67271
0
96969
121266
74243
79204
45931
29924
68616
61105
35175
25060
44999
56910
60914
103779
90459
98419
157467
57147
72441
174899
0
123337
95142
58396
70180
55588
42939
13494
3300
85787
0
75996
67551
36631
53616
71844
126332
57965
0
66141
30940
4506
48368
83344
83969
23922
89754
4446
57490
55850
133668
86504
0
76876
95956
80574
57369
4922
93156
33460
153893
49399
61928
90429
0
34775
92453
113956
0
48263
76878
43850
14212
77688
51741
32900
0
17410
13650
48140
23556
0
69615
93596
60716
1983
97809
51411
153552
6328
66342
50897
57200
56555
0
104585
29814
8365
25424
156101
122313
7768
0
71519
64416
830
45834
100414
80094
81172
188343
19330
102875
85372
78686
19000
58663
11855
71723
118756
70724
118095
13693
17363
76345
49931
82221
76858
19661
74446
41175
183239
117702
0
28162
64102
131860
44341
130611
38349
7822
100387
25441
80890
124627
47476
79283
100689
68222
158953
10736
65197
98118
29697
40675
98172
148754
36246
106585
0
69141
133484
62594
21691
31864
54936
95559
42180
18415
105510
136112
50608
152539
0
29544
100893
113221
1428
94493
15412
115000
134834
46048
77414
0
74011
23031
61984
32396
64133
63162
55998
67634
73407
41685
33141
45225
105744
39952
149326
6906
103762
33131
62823
19635
135824
61449
40871
37068
89912
49335
32836
31576
61278
65637
86389
118347
93044
63880
93219
83257
33865
22067
79978
27078
19892
31706
45739
0
89213
120430
10062
73924
116099
0
44769
19512
0
1956
0
0
156890
67099
22940
106022
76150
136572
68192
91228
50468
692
109117
22434
101603
3951
15980
29330
61067
24158
64059
45717
66456
24410
10574
106662
114947
96342
58485
12945
44985
76820
51927
76567
30790
38547
58578
125612
77386
0
59094
0
14624
178255
93776
40884
10372
64387
117854
5416
28602
87577
76176
50740
99702
3428
117989
54929
46539
74152
30265
118486
76279
142700
98945
31392
85753
0
0
0
59203
68993
89136
13242
93504
29164
70113
130356
864
116397
21911
82387
14048
20380
89058
0
126225
58536
3360
38400
53838
0
9787
78398
100815
20364
120090
0
99309
135488
55177
76440
38520
113056
159007
86770
53140
0
138532
41734
101990
0
166935
0
35448
30095
74310
17007
62935
107118
60724
95134
16710
15587
55096
57467
10228
124165
48126
71143
93984
70302
147317
0
141070
9196
0
108754
27945
59793
5372
53164
68100
62299
53567
216740
36014
127442
32901
109282
28986
71052
75778
73691
97226
51534
51094
50893
74480
106007
24021
73492
42417
0
59490
27414
4242
70533
118044
0
54238
93950
92361
71642
77996
65801
30257
58291
121703
33900
34648
121442
43699
111457
61599
130130
138958
82468
52386
27170
67584
113910
0
5016
50703
137564
39003
104392
0
69018
123892
0
33378
96581
90834
112947
87550
0
34718
20720
52857
0
85664
119787
43589
12172
105860
0
151069
140383
92552
25101
51889
0
148526
41368
9462
111580
7509
24922
0
131192
21357
96011
66489
116234
55125
102842
95069
30777
492
43041
134738
0
33818
54196
1884
65664
82996
39882
25740
19353
55631
22470
148256
2035
27118
59882
0
125194
108309
106342
54478
223121
0
0
84479
197167
75462
58499
58661
0
58353
63250
61491
114008
0
56940
33274
94668
96659
105460
24435
44318
0
70005
114978
65638
68316
50209
75016
71747
0
14550
112067
668
84395
36055
111688
60649
39839
7818
38426
0
73369
6732
108636
0
19350
0
74303
31570
61591
76069
86743
105852
71303
115277
28464
19545
19794
34634
25690
99713
75288
53
16570
0
51343
62839
25245
0
40537
149121
0
93736
135391
31301
34387
49319
172778
66482
0
0
25795
0
17991
0
0
3536
16113
34613
140715
0
7572
59394
52200
60137
37916
81430
57112
81880
87847
21438
94149
16738
65251
8985
70673
42543
66242
81048
42929
123044
0
102672
33005
81323
74768
49571
0
125851
103884
0
53046
46965
72553
9600
143475
128107
172377
131821
36132
103281
69539
57950
9856
102711
76503
0
51936
32168
43233
121255
172895
38063
95428
72736
39110
36960
0
70688
0
68597
102739
56414
37293
133689
51712
113557
0
105298
16446
114462
120105
71524
61682
104947
63647
0
0
118824
57952
0
106982
6390
143117
49580
73956
0
73459
42454
158585
45192
62119
0
95689
17496
32527
165739
97810
90559
11624
183258
64504
120489
7188
41200
101197
0
84437
69399
0
5800
91971
89380
43330
3183
46854
72621
49138
31149
45480
79271
28318
45445
104322
87622
72640
93285
35970
7325
62356
7595
0
102670
59267
0
0
77151
33182
33162
2366
46826
63316
55087
69526
95674
127299
76413
0
22960
54096
132756
41606
86486
4956
0
0
100622
111030
68763
41606
151576
49504
81280
111790
130629
109041
72968
51553
0
63050
97987
22188
60765
51313
35219
57033
138961
24770
0
149345
80780
29823
72385
32635
135148
105231
9448
0
30001
107910
74257
121439
1245
58583
169169
0
122035
6080
83928
56895
117362
59085
94864
34150
0
61831
113034
29099
69212
54198
177354
35931
45063
151352
97762
113995
86823
49211
121409
29210
44450
94293
108235
64090
19842
42824
72261
63004
23982
138846
21991
33522
11562
103871
28053
109249
0
30262
93234
47112
84592
38320
71271
126456
116210
86103
78420
88467
80525
11568
92657
38532
154109
39878
85332
84614
22743
1864
162194
8368
76168
65956
56108
98450
97106
41772
100893
109017
55032
79727
123350
81567
31090
72338
75153
45344
40356
82299
95708
85573
62813
53194
124061
105199
97204
0
16764
0
0
87424
31605
52167
110640
88036
107032
76269
13484
153960
6657
12635
41982
28815
14748
79653
25702
0
63284
0
51164
10092
2490
103979
0
65523
96332
17238
0
13818
134434
97987
71663
0
23832
35237
32784
113439
0
45255
83259
0
13392
0
127656
78917
48053
51738
120234
83334
91538
81227
85193
93142
138768
16937
73144
59032
106572
146142
21104
82250
100497
116715
100882
146633
0
45319
64505
22225
137868
18217
37769
19394
47537
30302
143051
142000
95764
65199
134333
114035
25459
53484
113191
57422
63636
73701
150832
107250
80399
138684
115608
80856
0
109504
0
5520
30730
0
54230
149797
101554
100842
106019
0
146486
18453
13590
83402
98002
7895
104833
82231
68497
45087
73774
0
98907
0
78942
88395
0
60492
105941
545
46135
46091
190923
49332
0
9585
17010
119897
0
78875
34236
105376
101308
90976
126063
76704
23015
0
41488
147244
33645
72823
79148
70189
126208
3255
0
55917
88088
224759
43307
0
99072
58970
102446
51425
89876
84955
28176
0
74630
47961
132472
7738
100156
35572
48381
97908
82726
47796
150356
0
83875
112773
152636
160300
67349
21522
72416
103134
156382
22415
88964
62841
105438
114024
45111
113874
110543
13279
25764
0
17268
0
50720
68437
66516
0
63093
129714
68820
23628
63497
23984
86510
160487
55752
28376
33856
14535
99192
99225
118695
118070
180563
69957
53067
88458
72178
0
37536
135442
82090
59466
77117
96084
54119
32538
127279
15116
72234
37884
85267
106662
0
150332
36704
72066
133588
31968
52418
96968
89868
97185
118242
79151
27316
106149
72183
45055
0
19161
46368
26256
0
10724
11040
68515
108320
59062
34836
75418
55527
38836
24935
70048
7644
3066
0
0
111270
146334
33672
35669
130621
30998
67794
148918
0
55774
148316
64114
39957
61640
48293
126901
0
53070
14154
152916
0
76388
191064
52199
122024
55304
0
9665
69224
0
90200
73006
11400
72765
84059
72491
0
15844
38654
53213
14953
79193
20750
45060
26430
73632
20713
98938
97496
55581
158385
34699
19564
37364
57514
0
9375
112311
3981
26604
34689
37091
70076
21288
58621
46560
72324
75560
57352
38746
135236
88143
0
84820
63573
0
91829
50452
120242
117412
13812
22478
27775
20964
96402
55248
15704
26558
63030
105294
98778
9685
68750
109993
24849
115129
95611
107330
57708
1560
54425
102194
93657
109997
124839
114893
88157
0
0
28804
0
108548
136604
6876
23975
36195
87470
138281
119425
69465
109905
76608
118419
46514
49729
47770
114118
98776
61606
70379
74368
36491
56610
35292
8064
0
124650
17626
76004
39428
11732
15202
0
97763
32925
29205
35787
109060
21776
1012
105740
0
3525
64295
46437
66237
103951
66051
93382
156786
67067
158106
94229
15740
79253
53792
62497
22325
96859
38588
17972
82980
74857
0
0
3540
109181
8204
35695
28517
112591
149741
56475
73807
76672
32436
21754
6120
75612
80832
60541
86109
76885
39910
46439
91065
0
56054
62730
27900
57884
81577
78772
66755
47934
39024
63024
111504
3906
0
69062
108043
67861
102411
84790
67946
0
37450
51525
44959
41623
80131
105965
12939
200
28945
62204
15034
62969
138654
59676
36299
131553
39604
0
0
71715
0
119323
85568
41358
134856
85438
92788
47482
36685
37639
52016
54500
57716
0
89004
42661
30672
0
0
113074
82939
47700
106882
130388
45040
100218
49749
37645
99801
0
68842
2889
109149
174668
26518
136231
74069
0
118678
51540
81941
90798
11722
73664
81741
79154
83077
119383
29941
6695
73381
132944
0
128335
4200
113371
0
66427
78868
11748
54600
16290
78662
43866
126406
31248
105408
31278
81111
43854
0
0
0
42565
54074
0
78526
108580
99088
97136
14736
57883
0
0
102994
0
82365
0
75375
90996
64148
63341
18715
106975
25622
0
192459
53143
145293
147097
36662
9710
58214
85658
120500
122939
19561
0
58070
59124
106193
85689
60314
109844
131596
13247
172648
54292
66618
58159
23918
37278
28340
72159
78582
95984
71566
40199
51724
84416
117823
116301
11092
46541
129925
25977
184427
103235
51459
31540
42972
96491
145690
98160
64654
51412
30680
36488
0
71121
91198
0
0
151295
42780
64002
110584
104492
173338
23982
85390
20768
74819
20460
104468
149211
69661
101701
116280
44942
0
91530
11238
7014
121679
81861
9369
141714
74069
23393
0
79805
149090
124954
93470
23011
142080
58172
900
101593
36542
0
22416
0
38363
91207
12360
148945
109129
81296
99214
56210
72060
29550
69666
55383
29492
16279
78424
0
13410
65504
26110
50841
60317
101053
72509
25104
62014
59971
81654
28916
56728
123405
16860
356
134134
44905
104694
56296
0
144159
108046
0
57939
15216
272
13452
96390
54299
50172
39766
100189
59324
23711
11012
36284
0
7507
18725
19120
18336
83846
84490
188
4600
35791
19962
13688
65138
101884
57661
0
0
82066
83307
48049
37550
39082
69061
174700
36708
37873
174627
82276
159392
123414
36084
43762
2045
0
85887
62753
80919
104374
40194
87896
79860
74132
97999
49727
41132
4766
61304
33413
30025
18645
46842
116133
94285
87890
121249
1492
141027
72925
86990
38423
15138
68040
1122
37345
130859
0
6090
97081
107380
22048
29209
845
21929
41266
49288
146614
72056
85521
101386
106448
87737
58749
75823
71711
83861
82136
61904
135711
40074
65756
22230
159648
0
31875
38341
20532
0
55324
18188
44374
0
80672
44253
5152
104974
45962
60430
2818
94157
85303
73440
80868
39873
112042
81386
53704
111510
81853
81864
89469
42483
1276
143634
20514
81833
101641
0
22275
27620
89417
38957
49270
94364
67065
154042
120089
114052
42426
68543
72377
106272
60192
34806
26363
58128
92809
100028
29860
49252
34111
133319
2657
43231
102076
37113
70307
140334
12900
156604
94681
80428
89651
91711
71051
48530
8590
14883
16632
37235
90259
52552
68108
84604
114637
70265
34178
0
94136
22218
97358
67857
27845
98626
15470
62434
69514
130338
56844
0
59354
96421
81351
92773
0
72835
195196
68667
65704
0
46703
64764
91029
45716
46242
44260
26315
92933
94231
70346
7546
30504
88116
41242
41865
84875
72240
178700
14172
6146
6202
127531
102619
82932
24657
0
111503
62144
88955
34693
60381
122884
113743
69754
66853
55984
57928
80434
101520
143897
30225
56198
61138
51555
102424
13728
37009
85846
41274
38761
0
5135
74103
89584
27574
11166
17955
13520
78647
21735
46375
153179
111009
17602
0
35587
21562
37862
65052
84412
0
61414
116693
64101
184919
91982
89667
15428
156254
95712
40921
54596
72530
57962
132547
75832
118222
62444
25859
55392
17481
28335
80145
48096
110218
104492
127290
128457
92015
33910
68872
120744
63772
49748
0
100894
18106
127009
120386
10197
0
101770
102620
25800
90466
8041
107838
124160
74439
0
52358
0
82842
151117
99824
126858
24910
58668
49887
17688
24130
43496
165929
5005
9126
101852
38994
0
181643
16380
13172
1408
86448
106113
55063
0
145474
101312
0
3078
58592
0
0
36416
169650
30604
3594
60186
66324
151790
15088
0
3088
114859
79548
67907
34496
58023
46751
81908
0
102877
116859
27302
0
105941
98327
14144
127571
23115
38674
71957
90129
58518
34545
75860
61660
81073
0
35097
0
43105
90771
139060
48454
51838
32038
116815
38999
117366
64722
55056
75089
63949
29015
85062
120062
65721
153781
65994
215950
50377
77905
78911
72309
68572
121644
88813
28219
17615
83369
52983
65755
55805
73886
50993
2199
0
41120
0
4755
102315
24900
90426
96255
62068
19494
2676
96323
0
105746
44824
24552
77636
36967
28564
4224
75552
68844
19746
71076
18525
0
84946
78977
176941
23384
4822
114964
44086
0
0
103207
28121
77104
49544
45980
3997
79314
65698
15813
101579
92343
0
0
103997
47036
70287
82985
23268
93658
131102
40446
0
94818
51020
111662
17814
63850
46496
57188
74148
68306
108737
40680
108959
27186
27636
69515
2859
0
51158
48834
36288
82917
0
58860
39918
31992
61828
73329
41978
102107
84986
41490
22415
104155
69196
30688
9591
80839
37892
0
50887
41070
123935
0
135525
40224
72284
2154
9014
113121
109748
26353
27504
3756
10767
0
21039
93083
82974
61918
11717
50334
7470
23039
107959
70335
83343
69494
95794
5769
85469
22724
43452
115714
143041
32237
70017
121176
81807
145594
120087
534
118815
96580
40015
79973
8474
57700
102465
76626
41685
80180
121397
129866
52671
37769
139610
52692
28990
112862
78669
82540
46044
18528
93826
0
56870
66223
52430
0
29735
107736
60950
64063
41560
156114
41330
81248
76761
43163
24042
116586
0
175766
24279
85613
6352
71981
44221
37270
138350
147642
10810
24238
75174
92904
17105
115761
23231
0
17008
62761
140968
107498
46882
20325
40030
20665
42109
89695
49572
18150
115049
134257
25503
0
56974
0
171594
0
48804
64880
2025
89502
0
71406
70123
85516
25980
95362
103865
67711
5020
3284
20706
66727
52198
114252
116822
35102
9456
14304
139890
22986
39695
68334
86581
21093
57911
113130
116268
111688
96075
43098
8038
50634
15020
39614
166904
21602
98613
27586
126177
32372
0
140724
40792
28220
41570
50804
53575
49205
84287
73730
146345
129446
99708
78074
75560
63616
68682
77609
8796
120367
111826
0
0
85968
84087
27550
156079
45653
67112
72820
95581
92744
112086
160146
100281
15828
117943
68779
119603
117427
76089
31001
67255
15626
44139
0
88094
62376
70779
114963
48266
25615
76693
96377
62838
12490
40953
0
68060
81702
56747
75014
117894
56602
0
23930
176446
16400
64718
32924
85247
0
87467
38403
20943
31255
213702
98314
12666
21581
45502
125028
136237
105256
43621
106912
56451
69346
40408
56460
0
0
99522
131797
0
58706
0
88926
75382
47409
2710
19946
114850
11424
57672
119674
195894
84175
48869
0
0
38174
81464
99184
17192
79727
51304
66678
132737
122724
46011
111378
47438
9168
68673
90836
52013
13584
38838
14691
107349
71129
0
40977
63180
107713
143118
106602
56252
0
0
46191
3892
69892
11478
118611
52967
37626
66376
23520
29795
16492
59491
86257
36642
116256
58217
84965
18511
14278
0
0
0
15378
77989
68648
37494
44007
95053
4436
28200
24582
79439
43942
98305
76086
68512
75718
66852
84287
31100
0
0
23573
4850
0
88803
131421
0
0
80003
128509
48797
0
13605
107163
49617
121922
110055
95296
85210
113626
75362
76050
71406
150008
83220
28901
142411
84767
94178
43178
62932
79947
78099
32860
49369
0
12569
177670
15755
121073
82090
110852
74660
64447
39176
113371
45306
75930
68008
107331
188734
27652
1062
108368
64541
28648
43247
121886
25723
25992
0
30936
86310
75915
43856
80273
25006
40010
0
23909
26089
58532
38424
11982
86640
56620
83088
136666
148333
0
45763
15258
91436
43115
58485
27640
40300
5816
0
72133
99062
24212
62181
98197
13896
52304
143445
102983
50349
52706
115109
96493
0
87665
66281
83365
75748
70007
0
50554
184874
68568
1235
108406
61204
42178
104193
81332
0
113472
92337
99708
78124
16747
101040
85235
3472
5004
106447
27628
119532
0
32020
5932
67052
74664
91525
21351
36702
98454
119460
42761
117162
24082
59051
0
39277
67088
175039
109551
103668
85948
69622
61250
100313
0
8449
62761
86419
75215
226180
0
55730
112956
53289
58402
26516
92691
41415
62577
0
98554
7980
16855
120378
82648
12922
61293
74161
19948
150869
64128
76921
12944
107762
155539
79833
49528
17932
64641
73208
82400
0
133415
89925
132259
93612
15699
50659
66834
158654
62166
28030
109892
0
0
120392
79453
16582
16665
100376
147467
141501
0
50257
3928
106124
1149
0
9727
29460
40568
0
84536
0
61822
82747
89117
7558
68456
77497
71163
113250
57648
21765
97185
30714
1715
60408
67195
10614
94788
61977
139670
31095
15415
0
20205
35897
23508
43409
2544
35838
32069
0
0
28971
122018
85494
0
0
89105
40107
67711
65418
79025
105995
104169
145368
107042
64692
48511
1749
103190
70270
40422
20871
127894
86598
9162
15172
74795
173272
57118
70161
16914
57084
0
38552
99662
24844
22179
0
56820
109291
61396
61970
126364
0
110805
125618
103316
61047
133080
98420
44683
61911
98802
21945
123050
0
56159
116388
10014
81379
47482
23269
99967
32775
141137
138708
42174
52592
79452
7447
118525
45390
23616
78620
102984
35304
0
76311
129548
18915
0
56217
133196
49344
20612
182699
64188
20610
65892
39517
69205
38912
167861
130989
18288
79687
164445
168399
42149
49513
72552
80568
4257
115229
88259
10625
35475
51602
35906
19156
30987
86887
110240
36225
119764
16704
18650
50393
86913
80825
33308
55705
45122
72706
78499
66070
12810
168005
187565
49245
0
105161
42181
0
21960
69378
102808
130478
4446
0
124630
84
39111
34271
26607
3024
199843
116895
153684
46341
86848
118241
48674
66708
0
51091
107801
59487
141148
100774
57338
43857
35922
5796
87268
72743
59341
63835
0
41440
76986
129758
54546
16568
59452
71207
118858
45996
42634
122255
21245
29468
43746
48843
81215
55361
50900
132404
74140
53445
60909
59152
36101
42657
144733
3850
131522
32630
117659
96703
34041
123324
24750
21339
34247
64633
97068
130304
52492
14244
36333
132678
48070
8440
121672
95520
79126
211210
45372
130257
104193
12734
52404
57780
0
106267
108034
64329
19488
0
6487
69134
0
120916
10645
12804
0
9788
138849
118679
76238
40334
116393
124615
0
11534
58329
0
79070
46465
96948
61961
74555
33661
136199
86203
0
34960
78650
122733
17744
32482
97288
150290
0
90775
40334
28385
0
17139
108718
96592
113411
91250
57527
85498
90486
0
87495
132781
110237
128384
32833
17086
13511
68435
90772
42548
54110
99430
101277
11722
65914
45520
24006
76672
13587
113891
81786
41272
49064
44469
67572
47869
110408
59084
21180
0
111782
57730
34743
12580
94967
0
96026
29536
18658
68415
0
49049
110876
58228
93873
90217
142758
48276
92250
86549
14685
22983
163586
155525
74813
58108
87140
91863
8756
36618
70914
36395
28044
106803
118876
60642
0
110544
91418
0
69550
89625
16100
116582
20695
100540
104579
98797
41874
45184
30824
3060
146470
80821
98786
187219
114433
9088
57211
97107
119178
55292
26650
98177
0
0
5308
77518
112077
152029
99257
53864
137078
69598
103551
19746
60148
85328
67122
110760
90681
26667
129117
33256
21737
49801
64744
51932
0
69332
3476
9595
78753
0
23730
127695
59768
9100
114139
40996
74823
118922
30615
105464
98298
110194
63608
36673
88276
8684
33666
117662
72327
52710
96960
124781
118752
103111
0
109892
167678
7344
0
52408
0
118138
76746
195141
6420
147002
93984
123066
88688
35638
105852
63246
87620
46530
0
34461
0
119461
91288
45608
50342
21721
40250
42534
21430
60468
26728
30149
35641
163477
7924
29998
38696
32767
14756
162688
113600
50167
0
52336
107861
155037
148830
0
189685
115357
47140
136383
75563
85374
107806
75761
104845
76109
74886
56822
1230
85995
181442
45166
115860
49560
61836
107720
109423
99326
125674
46535
51603
34383
97810
7236
205268
55586
54431
0
84534
22877
0
36633
47583
0
64254
21333
54135
94228
105353
105928
70774
0
48258
1998
73034
5492
0
80278
57314
64933
13259
0
62100
56844
39891
96749
124663
145337
17185
131432
89453
156201
21355
34230
43719
99155
42393
53327
84980
100002
6528
60767
95371
74888
38813
28355
23066
79505
82411
107410
107311
48930
94515
0
68637
40098
8370
167382
2220
23657
148724
18095
0
77037
14132
121951
35804
30296
108522
47039
0
1680
59010
19056
116551
48020
97482
32191
25597
38943
110373
69847
41037
0
191839
0
24121
26330
66608
0
112044
63190
144154
20294
37765
6484
19258
91931
7340
51359
33388
71575
121123
100110
82813
9367
103335
5160
0
31898
95849
108385
205193
0
62105
38035
0
49334
52695
113589
26215
148998
54036
115169
0
117975
181470
32820
0
0
82548
107260
16692
23819
46746
88088
0
0
28244
28738
92424
108846
98806
41116
20150
71851
86100
52995
0
0
52915
106724
109739
131223
55994
0
45162
51658
30300
167456
39252
87283
33856
19932
0
95467
0
112216
87150
87023
5298
58597
130278
81727
141340
83854
86498
30350
131158
127884
46299
90232
18517
154984
60750
42100
66149
8739
66936
0
122121
56539
131732
2469
48010
72419
18524
0
51682
63924
83220
157796
5274
7808
134972
0
81549
30268
60668
40458
30710
0
109396
0
56366
137784
126787
75345
39382
94559
9504
264
126130
69370
21015
87534
0
155817
30473
87990
62854
41562
21716
9528
38175
19626
22796
11781
53681
25770
42370
85133
23592
24717
60515
132107
77643
49974
63636
27306
31472
109397
0
131799
81963
54346
100635
74541
106292
25348
61496
53610
64598
13456
53902
41460
56947
74716
23626
93318
3164
44010
79531
82184
0
79534
16773
43530
93534
104523
97072
91008
114947
99826
48814
50840
137972
64849
70342
87112
0
79897
127146
18013
0
71370
44056
23555
26732
32479
124799
185924
113359
130455
0
9645
125509
40146
73165
117426
34036
0
170786
0
23616
105871
116192
68819
105590
37722
51216
90996
2112
2532
11205
34015
109231
74741
41326
93853
43284
123662
130805
29416
174389
1124
44094
79573
79440
91985
76533
11418
99720
111959
5004
72620
10186
115790
499
143949
0
115642
97597
88858
104466
25065
55395
40051
83893
84188
58644
59443
75489
45810
54950
13892
0
98362
163988
8673
163870
15310
130406
11582
13254
67834
44046
42566
100954
113485
1176
135103
93779
10456
61985
55726
39433
108231
49613
88366
57563
88236
68557
150739
98271
76636
79896
23460
100480
65165
33662
20766
139783
137277
0
32682
107281
0
126146
119694
74266
22040
0
156731
50141
56637
34818
26752
0
55024
0
123943
125664
51057
9165
80647
115605
79594
84094
92150
25678
126187
45098
61919
20208
68919
69110
88963
62547
56635
111128
47275
46288
72378
27476
98605
112907
35172
53323
106802
12792
32056
20950
25124
37242
123380
85398
21940
6174
39504
114023
130174
24521
80164
0
45642
45642
75258
71971
112371
98822
30872
118576
0
16728
91329
36803
44648
21128
0
92910
16382
0
102297
0
29950
13730
136247
0
102923
22240
0
77039
70313
102419
70921
13585
16956
46502
12663
29610
71095
0
57312
37382
0
127099
39776
44662
139553
62334
20795
160444
127710
0
89878
82417
77575
69675
0
159358
51243
113213
117516
13212
0
36288
94241
18655
78806
119919
29598
100319
96418
0
9590
34977
68298
19268
116433
23370
169852
40048
116162
24255
66478
136629
137344
85256
140428
18001
91492
0
0
28639
134288
40170
79110
46748
70060
0
44040
28649
124013
51192
38629
78921
53596
297
111610
51647
57970
51838
40470
188053
6867
28022
16162
11473
45339
152272
47224
52135
98472
89692
125176
91135
60964
36892
98160
76297
121569
32274
69168
72327
62845
68987
0
68937
8412
148012
130831
4301
0
122704
111542
90844
0
124241
36781
29388
0
95583
99462
24823
44163
44492
2210
0
10795
29511
0
19300
97873
56943
61562
150897
131730
81543
6972
100305
86540
52730
10452
83320
109312
62425
14011
57046
116735
80419
0
48435
139358
57552
0
154222
157133
157171
83009
67873
75590
16806
68126
44183
93724
11382
46810
39489
71709
66584
82849
0
15065
103886
122689
52819
85758
10168
106368
88093
39410
62664
97942
116624
94346
58565
187635
152444
34404
88296
16969
0
110116
81842
218474
109522
79771
52479
156775
104314
117708
40864
19782
62862
131907
91232
0
154696
39050
83775
64610
77628
31754
146513
0
122561
23622
91431
8841
113382
1527
0
155652
0
25635
102687
2272
61200
99886
71715
98999
0
57990
31391
145179
106370
24882
132143
76531
14200
107058
37504
4206
31070
71679
0
114858
61658
54458
75632
77846
53946
46174
38015
14613
161900
37611
0
13085
33646
142162
58080
49293
0
99973
119481
48254
130918
125051
21777
63174
92074
133910
0
30721
0
0
34370
64875
66018
83600
79873
47577
15028
94571
48370
11412
77657
74609
18477
72148
0
69148
107875
105637
71441
8849
107119
139693
162526
80975
97175
37563
0
95022
73518
0
70419
0
89521
41426
106886
157845
55119
6045
1629
19590
61317
42696
121754
0
0
43576
51835
97208
62256
59140
65494
90530
85367
103366
98174
163984
68519
131820
71028
30858
0
17200
149487
44696
147343
146688
101576
70905
105647
0
40237
27774
79999
42863
128557
25316
37264
92083
142347
70491
122468
68131
13660
70193
61732
6456
103680
0
114500
99444
2822
134932
76174
33218
57662
0
101979
106259
172664
99546
46474
124644
90198
162775
4985
43315
101516
67836
5156
13822
17292
131058
63000
41450
67334
8332
82738
82022
17850
27583
124717
38443
20391
135720
10435
22111
29365
59564
51688
123103
18925
43165
106690
24882
150041
75599
66583
37273
129932
9201
139606
11706
86146
106947
0
69418
47021
41693
108719
0
70105
19276
156914
82333
89933
93466
16168
73869
4565
0
158892
88005
5244
74482
89279
71228
78691
22242
123773
9055
85579
12175
32204
0
60844
92515
20545
39309
136278
91794
218325
61703
11760
44384
50662
95431
12425
43997
0
125299
44077
6580
8569
141878
59286
47240
44834
93970
0
26465
91925
34707
58479
42035
79623
5635
98268
25825
2466
61070
74092
13883
10992
65181
151731
176583
35135
87975
82698
84509
125079
108064
75246
53550
108983
72119
31176
129626
73090
0
65042
480
64198
79192
65526
59596
70956
93735
58021
64398
157611
36081
1372
0
87143
59332
101162
115444
13572
0
71080
32068
120901
0
27274
124755
35969
0
123973
51380
63022
42706
25820
73611
90783
39816
0
17220
58624
46249
84747
87410
49268
89767
21005
132431
38831
101062
13432
28426
42106
44419
86390
21043
101678
62526
34091
55741
52878
25346
135312
99910
17868
0
83559
62810
48972
44556
43364
0
74245
64460
0
57790
56527
75060
0
41641
24162
170005
97526
165997
75592
66385
40764
57177
83256
46239
28159
0
99029
88616
17004
115110
56064
4176
92238
0
0
8436
1075
40830
15300
15984
105896
69794
260948
20450
140164
77166
47573
6900
69811
36246
101469
106548
17352
56514
50511
111317
70178
151717
72987
48561
0
0
142436
30716
73124
64296
0
143488
0
678
78156
84492
80216
0
85362
142564
29322
0
30264
61094
104343
58340
25144
34998
4380
74078
0
47992
0
48480
12315
47688
83620
20285
123638
118638
111147
63093
89269
55277
294
32435
79392
63010
16075
63064
0
0
47223
48771
9435
33515
46220
52508
50683
43633
0
129497
46219
140856
68697
95369
692
31997
91024
9735
34139
129880
96285
61754
51639
73808
76209
76191
0
82252
71919
62262
101904
95019
120645
32665
61980
142671
10626
177236
110518
35578
137246
33726
91606
103806
40965
856
117024
73816
50706
21570
86392
0
94412
0
38770
41648
130702
53480
118278
62384
29444
51157
130338
0
105019
145007
50406
16151
0
58093
169508
134844
81556
118475
20582
86503
149216
31642
164079
45579
68321
0
68300
18425
36596
0
87476
18992
13277
15054
43633
105670
42809
58014
76190
39455
79598
7371
7494
77125
84759
143908
83307
0
58832
128501
0
109410
100030
56635
19875
17716
143239
66334
18116
23454
0
100746
0
51646
64048
90791
95717
84427
132575
83606
81601
40575
30784
98925
80514
145018
111719
14612
64570
22434
50016
35384
0
114124
23136
76138
9026
139806
80131
0
18720
0
121710
72622
32347
91193
52824
48022
65917
3294
13410
0
42414
146564
87799
73594
86787
58817
69117
10643
18951
126328
183068
31843
63605
0
48555
63572
139139
5880
41510
15984
78578
52552
103237
89204
53868
43086
168823
32239
0
54503
70454
65190
70532
60775
78255
125547
131536
15736
102568
65991
53903
108275
63281
82991
0
52823
78284
39127
51138
38824
82454
6505
2079
104984
139680
42949
84347
135164
83830
8170
18742
114760
37299
72174
77990
0
30328
22805
70831
71701
16606
107310
152785
87008
62320
0
96342
130245
138984
0
47297
27307
116137
41216
42438
53970
51044
113432
35177
37080
32932
33148
0
97526
7147
60581
43728
129585
30707
28628
43815
49404
43546
72736
49184
39627
21606
17810
16088
0
0
51448
116029
76031
52946
222005
177995
77916
85582
126330
60462
121666
39133
101975
104942
115566
0
44004
13794
94292
19861
64275
113829
154607
22426
92241
115501
133170
128128
44947
34136
11716
53046
41668
13756
93200
29240
67875
55562
11600
76694
75998
55134
0
62308
27671
2572
12036
97122
14044
71646
138952
24502
81690
0
56902
56330
0
0
24052
55314
76816
85560
78036
20429
0
67760
10128
196279
49912
16725
0
9330
12054
103958
13280
37344
5258
30985
99659
94544
564
87346
26330
111830
92026
56347
22085
109536
31888
80693
10044
0
63359
91538
50132
119185
43302
39889
64448
48101
89626
93208
30529
55676
96995
24052
27994
72298
32582
86907
31806
38387
48132
0
55829
182061
0
69226
86698
55940
18144
35255
37516
155555
118215
79961
117852
0
64784
31752
68457
39271
65524
54540
141915
124722
53666
69403
38570
52633
103577
81747
0
26270
124861
0
75245
40421
49846
44908
58905
90527
42322
0
74132
32903
0
47846
15072
136253
143593
51651
52002
16938
81266
59399
42449
98573
0
103188
130405
44228
59763
47031
86206
28837
125488
55238
0
0
0
44296
0
103949
40197
153379
108919
113428
52220
114111
61868
0
96704
27760
100500
24744
57495
91828
36206
71082
9746
45102
47262
0
153380
93789
0
48376
157144
19614
34840
140525
9809
109332
75511
19691
89252
95227
106254
7248
13028
58683
28597
78542
39672
28583
69080
58343
44180
157478
39291
109798
57110
162395
73389
92665
130792
1860
3612
175751
77685
294
48676
63377
91193
68054
34766
125761
103971
132851
102939
59990
127674
115622
56408
45066
0
55271
42910
88847
29161
38211
0
58877
88621
39687
99788
34057
31800
165064
14146
132742
83914
185303
42310
33312
117564
81778
99479
104358
85127
62847
146169
77045
103357
42216
20402
77358
8778
134758
51615
96751
78379
61512
75164
100914
117236
54225
76287
0
71505
136650
51710
105781
31722
52948
100055
106695
80916
94309
88323
0
83140
64653
73424
113003
24073
37419
0
49627
23373
144659
18810
101156
58570
107598
43853
0
12852
71369
15279
61051
97149
39866
80084
56661
89686
48066
114199
61681
71133
73659
32568
30260
12192
26355
165407
84036
20656
0
169271
77917
56099
27992
77707
158516
87908
143788
54130
0
52610
37911
0
152657
28812
49816
33786
50032
67809
46716
67947
75992
101112
52602
71537
52091
31188
104162
81019
94453
0
65963
44357
184840
120153
11444
31367
74853
0
10261
100810
26331
82656
24200
58017
115544
86603
182
41554
33964
14864
3345
192264
125615
66121
14702
73885
130274
94953
87798
62525
50921
116040
90178
74001
71256
68344
52432
79832
109307
122984
107218
0
30644
122109
41952
6564
101621
62267
111263
165194
0
33524
128288
76078
190145
44850
68447
39536
33734
0
105554
94597
54337
96
23297
47483
86820
94426
0
63439
29146
60086
48048
107746
150723
104360
74412
76133
28482
0
51312
0
50057
193929
1638
89619
64863
114362
54883
46945
41957
134960
37054
0
139345
80177
44754
125777
101948
165293
129852
100069
132065
0
158702
6968
93162
0
75312
18813
61217
127213
0
102820
72669
30900
23352
145337
50997
0
131544
30896
97247
0
65554
5640
98276
13565
66836
23540
144224
37621
53302
35554
110336
60287
39670
32790
73140
116311
144863
0
0
71177
88833
37966
0
86724
2420
15648
192
30146
99249
0
124757
118279
41938
69644
56504
82693
105889
113066
81623
22190
125100
37904
19146
53373
111359
18777
89785
91572
70850
1540
90443
35797
35936
1360
12426
120382
92983
95931
91539
56000
11915
79484
44444
39504
161139
111895
41781
80801
32974
85469
108015
93334
120394
72319
7088
0
43991
58754
74574
125711
82203
7642
58757
19530
51709
0
106335
66928
0
118741
35480
140721
41371
106329
19236
85506
34096
10842
65506
53814
127423
72776
0
68001
11347
95041
71141
86498
0
84574
0
17497
46386
44082
102311
121144
149390
48921
83884
107326
57350
12894
4593
112950
37957
98541
0
127416
31144
114755
51197
96697
98028
144443
47677
86520
76711
20845
23354
88368
82143
53388
98297
89486
32090
153630
83361
0
102524
82401
20943
53424
109856
102891
63832
83033
0
82607
0
48638
86200
124221
91036
165479
95477
0
0
6590
100483
55990
98423
70830
90160
157238
110383
71982
76213
116364
103698
36418
2317
104411
10620
135438
57776
3186
60318
65681
2472
139635
55578
158990
0
56090
20062
101832
83659
79364
164289
0
19873
69170
37604
110626
86722
121408
159666
47611
18330
86582
95465
20688
25795
51231
120121
152501
59676
0
0
58430
108973
129268
70252
54195
49633
0
120854
141059
43220
119606
26034
1989
0
104936
7232
79442
69788
0
69555
46701
160288
29634
56826
92765
0
49064
35527
80762
39105
41751
37698
72717
10612
71218
136863
78980
0
17408
11604
23912
27892
67733
55296
58870
48126
44562
113991
36666
24990
133480
426
132526
53437
40716
86573
0
110906
28328
68562
132614
21949
97506
27823
53962
126159
4615
123428
169544
111812
0
76264
5658
16476
51671
0
43662
102593
23556
101420
48096
124700
118792
65851
44476
1530
113722
44788
46358
64485
67596
188204
110816
29245
120940
88015
121618
0
50631
696
142656
88401
210996
89262
47756
90335
55070
0
51962
74216
59186
30536
38532
42383
0
58884
105825
77112
37110
2532
32209
40520
33164
53992
38941
46000
55814
74041
35466
0
0
43199
63000
47920
0
11263
0
104373
49020
125229
55827
102682
0
128073
40561
100877
88547
0
104573
0
8292
41346
91141
77615
67149
45216
27504
75319
71694
0
17888
101392
97484
1983
91325
0
57213
60095
101909
0
34216
145157
155251
49278
16673
6420
23936
59741
26716
35588
90304
77914
0
25980
21744
62598
145612
0
0
83439
9460
69368
81137
98010
35565
55810
46809
0
0
107237
10495
26968
56942
84520
70955
46061
0
33828
22737
109895
8244
69496
142709
55024
77236
107949
187989
94208
55192
65170
0
13940
40629
99555
0
123850
87403
70087
56484
89945
6538
88692
75125
84978
46767
202064
108446
150494
149772
36415
139229
40625
0
93396
89391
61036
43535
0
0
114334
42332
124978
20456
96469
155524
30260
36161
97164
22260
42817
43962
86719
99180
63898
86762
47896
34840
9936
45519
5250
146429
71101
9906
37547
45642
0
55664
69240
48321
120943
158436
0
15682
63461
86347
79432
82173
75305
91920
83058
64817
3870
0
99621
49098
48498
27947
125912
129614
88975
116945
123230
65089
10316
29528
72068
67760
99783
17045
122572
11739
65552
132650
77996
70556
168136
61477
37458
37729
63963
104208
18484
40635
35789
24794
23409
89098
53539
0
34892
67501
0
57926
42726
131402
95482
0
37457
44754
35157
39864
27509
17792
16124
44395
908
54330
104780
25538
57540
140874
74045
103632
140863
0
31208
77298
34840
29022
0
13600
94595
53073
31802
62984
30332
106320
77920
6536
2215
0
0
91650
52622
98593
0
85209
37398
53591
96390
99869
4710
93495
0
78325
44389
46491
32648
155615
5810
59205
70409
28086
29894
100564
25708
32260
107535
133015
128816
39684
52204
24240
52573
178277
44530
75810
141637
0
52384
94301
70705
0
39053
36416
30115
60507
11280
8285
112026
21528
37233
0
0
133234
12639
38280
55132
0
37135
126864
80979
116888
64989
77859
77887
26074
101510
840
103707
60530
109265
73654
124221
86022
77041
108065
37255
60897
3702
82234
63090
82281
64131
41462
0
134743
137778
73818
0
66791
0
24738
128096
83272
31432
98152
143674
19200
0
144738
12192
109666
12174
62165
104049
103277
58282
27077
105914
104514
35752
38224
31972
120289
90079
48142
111529
94628
116708
50016
69498
95662
22016
0
14224
175839
131445
17581
50608
57707
28945
27490
145156
0
0
29886
39814
81956
41876
79186
99311
25161
96205
0
42399
87069
19527
110519
0
45184
65578
147977
95225
52248
114152
120649
47128
95912
17015
7900
35150
58049
65417
0
149037
109814
114690
103480
148201
0
33589
29826
128245
63441
48957
42105
76935
25898
60757
13020
34454
0
73149
90843
38227
148212
56147
60733
129834
38506
0
131619
93095
49424
20242
1336
56058
77514
23352
0
57037
52263
107924
43960
40245
9515
65186
10638
26746
106302
92315
69156
94050
23137
104860
10847
52320
72289
38009
83792
57781
83086
53291
188632
0
54624
156611
4956
38956
122970
21256
0
54266
0
0
42770
71804
44053
133605
75939
55471
138979
37677
56505
62392
83953
149988
0
180277
64489
25528
19228
13088
42318
118786
0
0
62796
49244
109478
81749
0
0
26747
90456
20724
45801
9014
28872
12036
100005
38909
102183
35517
33022
0
0
164354
15668
43735
37090
25407
136592
78672
57551
65281
84468
75656
63422
45904
135366
29698
152386
53379
0
33398
17244
109570
65442
64387
73946
108260
146839
22555
25015
14399
13844
25012
94671
73590
37738
0
48379
82730
106161
51021
0
9147
24717
27666
129283
13510
0
45123
32021
4488
93961
64319
94272
24632
0
33826
0
43389
59948
20442
83131
129575
11848
23984
0
29655
90498
0
58923
7313
95650
113934
80182
53081
71913
88737
112887
58891
90543
74746
13960
98242
150482
128512
116485
45620
114997
0
91348
66596
34098
68345
75649
117068
26008
58831
54998
96196
54843
87896
122948
60103
85529
136542
51350
77051
111607
43354
0
40916
0
117364
0
0
15320
27300
99658
93171
24062
128961
154681
0
122034
62642
68927
114235
21753
40550
96632
91771
0
67599
66799
0
63503
73969
2776
129504
3233
159583
54387
45772
1656
11921
87928
30300
113508
69534
167984
79547
112644
62792
13567
145325
65794
37295
123829
76092
47013
60963
54440
50331
69329
65434
34470
141991
98330
36129
35613
70321
1105
46596
104629
80653
82637
115136
22719
105136
0
139214
59673
63664
86590
75101
97858
63197
8638
0
0
99582
42775
39744
96100
150270
6195
18720
59921
59906
110110
16811
42011
58195
58649
7556
98459
62810
2142
136899
66250
61649
132693
100471
24604
40865
83715
162570
7952
124485
9706
69654
29213
28321
30763
122567
58229
27320
75930
0
154352
0
95719
61231
73586
49297
94733
59817
6360
74403
48630
75164
0
0
67736
56453
0
0
95773
102301
24440
83017
118445
67623
45906
94695
23518
53013
126121
0
83773
30160
0
23418
7146
51894
8478
31334
14586
22180
32020
159819
114511
63868
122508
62680
113453
69352
0
0
62948
6126
75332
22556
101212
96703
113704
117923
9376
0
37633
0
11585
56938
51303
63962
83858
49255
12924
330
70546
57504
165013
46255
0
16156
41391
153205
864
0
150910
34755
0
61229
100417
84110
67125
164774
50648
87670
99034
147381
0
177960
129352
31479
17876
73992
99125
46038
47095
60029
15240
0
25766
0
23556
10446
14508
61363
19160
73458
11898
53317
134582
69625
52959
57337
67725
119632
63342
0
93356
8268
91286
0
69335
117599
77528
29060
109089
0
0
162168
30104
74262
77039
25563
138187
62309
105871
17850
71513
43986
23363
18904
33192
15166
0
75855
50192
34054
149746
146169
169227
66601
99464
122098
47553
87590
44240
115971
0
0
0
55062
21948
0
52785
76801
59394
43416
18700
79386
65053
79188
72724
24667
6084
73802
16963
0
33685
114656
74379
0
16325
76683
118033
25144
0
159169
88550
10491
87490
24946
71995
76424
25889
158705
124662
78115
3676
15393
0
19218
90974
76897
47768
120968
59208
39604
16774
90725
27005
98635
0
0
55869
180818
35271
138796
147356
19839
62874
120389
86535
95027
62353
101534
3968
156104
0
27839
50266
15036
168343
0
70699
26924
0
67948
62196
17361
36406
0
149686
18104
115712
45312
68070
103097
62778
16686
20876
87620
33248
147186
62421
89076
18144
39823
108625
45945
86031
65064
113966
102359
90352
51337
106136
17795
55748
0
75133
101257
40968
18160
0
96257
159326
0
46640
14370
10245
15880
61538
55048
91310
6693
114350
111862
127400
31264
57084
89473
51179
8250
13693
22430
117661
43803
0
69200
129995
81247
180164
7182
17486
86009
79792
99545
142075
81526
54774
68470
69605
0
63470
0
80871
84739
690
36668
0
136553
213077
66807
64404
69754
10625
71901
46880
102241
25585
41951
19801
99426
58218
0
28693
59746
86243
52745
129589
44940
135852
59868
0
76608
0
77336
110037
40480
37137
91708
0
38017
13550
80169
40903
78237
56830
49124
0
0
63075
20426
106085
59852
13078
0
10225
110933
48316
37810
100433
0
89849
36361
11640
14442
180069
29334
78446
0
137594
19412
612
93082
88312
28176
30958
105921
0
0
79117
115246
0
53459
0
43484
0
50157
25204
0
51605
0
52266
82646
10143
122532
64490
28845
97072
86807
118111
38721
67616
24650
47892
42767
46685
90223
46116
792
59387
59243
80720
91163
131672
162317
115815
13790
59788
68050
13505
2842
56328
96782
36907
6048
95086
43930
54464
91793
97709
145639
96016
54162
67223
9985
169343
132842
85563
54090
0
64349
156633
58349
45755
136470
47161
700
83790
0
37560
90733
18198
0
99877
0
95807
0
44744
65002
47450
82959
61319
34027
11434
77994
66347
27820
113321
106686
39828
125508
45641
125376
106082
12210
45258
0
26405
12155
34953
0
0
0
31602
126896
46282
46738
49955
99965
14044
0
38236
118841
52880
40085
87972
0
79950
95966
123531
74559
29913
55511
48996
110145
84641
60113
100783
65296
109368
27288
3324
0
118251
26212
17196
85483
106364
60581
105875
15630
115644
118657
151881
92259
66499
26646
133246
21865
72215
84564
96107
87419
123554
0
50948
58921
50597
0
75381
177157
136066
0
69400
64896
67137
113325
0
0
71874
8394
17025
49268
133188
84199
82865
58776
138002
86785
13908
60439
90517
29452
71472
114322
54382
92499
0
5032
162302
19698
107131
4284
86500
60061
113965
84410
14375
87342
38842
92706
53362
185453
82377
140812
125855
105268
131735
35426
87942
48636
49501
75946
24735
155506
97428
17911
0
22062
112571
117172
57518
4524
0
12476
19188
101486
0
125465
82496
1512
7696
30144
111925
130977
118186
20480
28488
15402
78611
4848
133032
154418
28695
80908
0
82829
52286
139912
14818
17660
95598
61610
89958
88617
0
74823
162176
117963
89419
81462
149325
24371
0
11797
93117
19300
71411
37902
116793
0
0
60779
177619
123768
85703
125687
125110
118800
0
114866
77377
56346
41584
49560
94696
14418
149093
0
24580
0
89690
74208
185170
149912
0
129361
45808
79957
163632
96739
13916
123235
0
82200
91042
74862
0
61579
193121
31851
0
78972
73494
57504
5787
133912
82503
0
66428
78986
84739
76646
126627
121169
69376
58506
102435
52675
84807
44064
63375
22722
23340
61582
50209
51912
38310
63880
7012
8155
78631
77204
150255
3060
1200
33423
124809
95424
81532
49707
46914
101954
0
22661
78678
22024
42196
44802
0
16768
75575
128043
0
94564
88337
79827
47178
13580
82984
102542
33082
20318
0
83393
2908
94110
56731
91647
37695
32213
102757
96385
76621
72284
84570
79688
98353
28224
111363
58987
73056
81356
48071
112788
76128
70439
83045
92551
162204
47080
110246
115936
163122
45940
131219
66833
47683
76756
19550
11616
0
60939
3204
111040
125614
113895
43196
76009
0
3604
72535
110433
37690
64762
68593
29344
55486
120676
5138
88615
51015
69708
73749
162906
144452
0
70122
94753
95403
17444
28038
85426
153204
92014
40302
35145
0
91327
31130
153922
20927
107499
138981
89653
56424
122474
97188
178653
179229
90156
109910
107532
59227
22711
27532
60032
106837
94938
87056
136979
21864
20236
93900
108066
15630
0
52003
83284
35636
94363
14684
50953
92682
7940
55558
113996
58854
90879
98929
96399
79195
61519
158292
75192
0
31078
4446
14084
99731
100402
88420
20128
0
119666
128575
36234
51764
119001
77278
95367
117478
0
0
17419
101620
52561
63828
168380
55515
63807
85994
77290
95055
166820
89548
70526
139311
41790
37393
25084
13005
78645
112639
76106
103523
40854
57144
114006
75540
126380
39570
39687
0
53925
89306
63291
39882
125150
35869
109999
62341
0
3075
76527
73764
55744
64584
37141
60264
51195
102354
0
102032
22368
114399
87257
87166
22564
52200
53391
70599
0
84539
80681
43535
122592
59210
58050
34083
8116
72689
29628
90678
115486
25260
17037
0
133850
75223
22380
134870
53370
0
161067
135522
16920
0
115699
5495
0
18301
91910
125161
55458
0
105061
63191
18299
46980
50138
69160
173909
0
97068
119235
72817
62716
82076
111418
56345
68987
0
84139
46819
35223
75295
32452
81467
11913
57423
0
62237
62180
80559
23095
112184
17205
47371
110068
46335
62162
0
60546
44970
60512
68196
0
89980
111479
140758
0
83497
90861
92957
77301
43045
158847
99933
0
105480
78038
161463
39050
61518
52894
0
87289
49762
9949
19878
42392
2727
62824
0
41814
158583
59062
26674
134603
166541
77541
100216
113847
82652
92838
65086
0
118568
63397
15264
83885
94337
44338
82062
76935
0
41296
141390
91767
81150
73665
0
39681
123400
5700
0
42448
22822
71892
102506
52569
24985
0
5215
91098
17855
43592
72505
67400
47742
57841
131599
5519
50428
53626
0
75404
53900
65769
45033
13160
107737
28582
93807
103723
139192
74724
60084
47382
58598
149232
92300
0
150349
121852
80479
103926
30179
66406
0
47986
20160
95545
0
0
117789
18922
39654
40028
0
72826
0
27566
69883
45633
24320
4315
35666
16023
96790
59820
82034
80178
22974
0
0
49477
112155
125438
10938
53296
43392
76579
40472
109577
25194
0
142606
32195
0
130640
104793
0
54729
28924
12710
70510
12839
0
62163
121126
90453
10698
41639
34648
23149
193040
63437
60623
61543
58194
16608
64870
28720
13568
82979
107662
12027
7712
83958
99122
24369
38538
54363
120601
86927
0
89514
113789
4056
4648
58389
7950
42055
69029
64230
0
0
20220
80706
0
119341
77336
115091
111737
160294
65992
82525
45550
39076
6648
60617
29034
77902
118543
156314
133786
0
81768
0
134428
76394
29690
63038
0
112157
69914
30426
49727
76739
79456
78873
112788
41820
63991
58488
63862
120794
95188
77329
92459
57935
113218
17734
84797
33503
29230
46014
49194
0
96281
148106
23005
57051
34580
0
0
8376
77108
0
66335
0
0
40442
57583
62144
90495
60929
97814
57190
73729
80546
0
119476
50950
103473
0
33988
145397
69956
41940
67882
0
38440
78919
0
101915
4266
0
53361
0
44249
83506
4350
36378
82145
23101
10248
2526
47985
45332
68398
58280
8320
51544
115350
1476
9318
71073
72646
183014
94957
69514
27510
55991
123466
60414
72851
80069
80746
178478
15249
139328
0
113689
145809
69087
119625
101215
50799
142956
0
45409
108276
105953
121434
85077
0
48055
102627
118610
0
37501
38060
29118
50044
794
105781
105980
104918
157734
12663
68682
79337
144000
0
122543
35664
65899
126740
156911
32314
0
0
38255
45350
65493
45025
140992
45666
66719
115041
8532
24938
22585
0
80553
68747
90281
36669
48692
27947
109764
143464
48550
86545
57181
0
144497
55829
36522
3034
42831
84560
119540
101230
108367
89815
33372
79583
35057
106844
0
62365
70474
41647
79874
40820
68067
75842
80936
83059
47628
147287
79814
0
93186
109259
51347
82498
86592
99746
0
84594
35034
104414
19392
23762
28132
85938
74867
51149
79123
63250
132634
86192
144632
120284
65198
111910
62831
87152
76406
55312
75470
63840
7375
66584
154481
49889
51288
122381
48514
56358
0
121010
17322
157059
0
70894
113163
26409
69247
0
68909
105445
76347
0
55994
115825
75539
47896
83546
0
91409
0
0
46833
107872
148782
14742
2180
35760
0
118262
31755
58718
77549
50184
29370
8415
97652
10476
105511
35279
120779
157740
7005
53255
44748
121118
86042
0
92436
80772
40911
11988
0
28398
115712
85630
31876
23098
104239
0
94036
0
14711
53733
75241
49281
0
11484
0
10428
9465
26216
109018
43222
40464
24981
20007
0
0
119994
33370
100630
50566
144670
80841
42406
131025
120516
64937
31952
102009
63801
111181
20188
96237
11508
56485
62417
9552
140401
92436
0
7464
8278
7952
73984
61722
16675
91257
42878
0
34300
37731
0
3832
122699
0
13266
0
59920
57850
113368
121348
0
41406
31398
15043
134146
13456
86146
54506
444
117173
58018
0
24933
9246
30040
42164
55105
20066
31488
78808
117516
74537
158087
123841
55707
77822
72726
75250
1653
13839
70854
50019
60234
57229
9601
