0
140684
62397
112679
0
95917
16785
140991
40470
28588
66644
38106
22894
66935
26360
124414
0
36071
136618
149860
35776
33344
113373
612
19980
56427
11472
12784
112854
127897
77659
79525
33089
83337
72004
47424
103885
0
130998
134666
51774
58993
4585
43929
31200
0
82353
11412
71614
9092
87959
87319
14988
102459
60506
0
49437
0
23908
89832
61889
0
14361
67970
0
1817
81041
28175
41776
64302
60800
77991
77417
0
10320
63327
19875
95265
83773
61648
58389
4976
64276
47528
9674
0
35727
132628
88575
117684
91979
102785
93967
97182
95415
6630
110336
75956
81201
0
42366
31600
100792
90834
38439
26754
3458
66700
94391
11111
84105
73860
45466
73436
157279
171294
16797
85085
121456
59044
42907
40278
32824
0
23052
0
88389
89897
25415
55620
147790
0
65756
41992
66544
132782
145445
0
70036
129357
125765
0
92595
16010
119898
38683
298
0
28694
95326
20004
6910
113644
124154
112173
20930
101401
13614
0
42737
18314
101048
62885
24580
115795
111029
140855
170182
69444
24438
35698
111842
120428
65466
64127
0
60555
0
136024
53977
84003
62386
95688
92696
96789
0
82980
40329
13900
82310
127445
37903
16453
46210
87192
3655
44075
100354
35663
13815
87534
65545
7866
35961
34730
0
58949
22888
169913
54592
129266
88114
5198
44752
25396
164124
22743
87257
17576
46918
70547
100737
0
103706
11628
73479
90848
90595
78532
54109
67601
87752
0
22190
73976
20316
14478
44013
81766
58545
9800
9570
25340
13756
127828
198774
94978
84429
52945
14672
27522
119420
41173
4722
91620
24787
62756
63852
80536
96157
0
35224
198518
118339
58835
51701
68166
93148
0
110987
95129
60970
95216
114530
88714
51136
17744
88840
53518
7852
149110
11546
27418
38719
135332
60553
122036
44327
16996
25752
41782
67063
40199
61421
97600
141168
78205
0
15208
59360
22114
68098
97554
68002
0
57462
0
0
96318
27536
100605
52688
121220
0
10010
79400
86544
90366
44784
67724
111836
39654
79615
71870
0
68735
28282
119770
0
43854
103869
8766
44445
156710
22824
32671
85805
100347
11730
0
47768
40510
39728
30254
119511
20814
73166
6940
31235
52321
25152
50997
100790
23738
36487
126695
121272
86832
39881
120125
0
15102
102577
63537
99061
94856
73597
0
115885
78212
62812
22398
74528
104752
77821
82681
91446
0
96993
53629
80636
66586
59450
84322
136856
109043
0
128345
0
79172
122915
0
32218
10064
18894
54416
36037
61947
80230
13795
19116
147934
94991
7578
90613
52693
75587
97756
92542
68013
60002
0
22288
0
153865
117735
55598
1890
17292
38689
11270
80745
80963
94608
38518
0
150721
96515
50084
0
13411
84278
50238
11310
103200
0
73878
5650
72164
4602
51536
138071
15981
34066
24597
89027
122241
61062
89142
43811
44310
29093
77753
0
157493
96901
0
66880
61390
23169
163628
0
54157
2294
120405
61002
13102
50910
81055
26778
61432
90597
0
68552
75554
80271
19225
87527
100358
0
122306
28759
21950
62154
115199
66544
66982
36504
57612
106270
24576
27160
73330
34989
120692
56135
56248
0
133787
0
27423
87138
51308
75551
178427
0
132881
1180
38197
96603
57109
56120
18880
101964
65625
102102
11826
79790
52456
14021
0
85317
54296
0
82977
0
33265
26049
77166
43636
63668
129846
97015
161092
146458
44036
69308
78728
24093
0
67710
58657
56361
110304
54201
46944
133868
0
107302
140524
103509
47632
0
0
45771
55545
95205
23747
12656
125697
89188
72857
12695
78705
34535
64052
146665
120278
49986
88674
1590
54759
635
33074
121186
131995
32115
36530
68191
67649
72505
98131
55147
0
86394
32808
121914
5020
24948
171616
21546
0
40696
0
44795
81193
151882
68640
118485
87046
64618
0
27411
0
53340
0
170585
56087
2755
1188
178653
4460
48576
135847
70056
0
0
31272
49028
53930
0
0
90299
80485
34875
127225
105898
135671
57749
65507
92186
34105
69355
26605
80630
40723
0
0
51807
15368
20421
86204
124964
0
160610
122807
136948
90435
39453
61035
0
1488
46556
87958
97044
79601
86278
49299
42646
175889
0
54523
21018
60407
149716
81485
79752
143210
55813
70826
90919
16326
44671
79944
41107
107565
57653
49557
102130
94573
34832
0
103245
94249
44602
54664
165427
104258
129088
0
42821
12585
105755
7986
8696
94972
53278
8483
0
0
109086
55425
69607
81318
49390
90222
24268
42994
20622
61103
0
121244
52695
99519
101523
114075
29626
0
34764
37064
98625
99377
60693
96516
71984
24850
0
12875
46007
12400
125186
99892
31564
86184
102180
5650
48275
58936
147006
42953
68817
194540
114239
35861
65976
64164
50841
71590
30709
79743
106500
185464
33295
84299
79750
0
2098
22776
22272
30277
120273
62622
115004
35879
0
0
0
109194
78472
43723
72965
42882
49452
135188
101490
25828
24640
50329
58761
24528
40968
0
65037
89399
21290
73760
91100
11244
85409
0
34003
93915
8096
50810
54009
68832
65856
0
0
15438
173578
15493
35161
90155
76779
118636
75587
168577
53792
35608
45018
0
67774
134223
30690
10056
0
32540
92062
94841
9832
0
87274
20202
96474
78595
102926
67335
50408
0
69085
117236
34584
60011
64865
49315
104208
25936
128384
0
420
62996
38904
156521
84945
72003
36248
44826
66729
78794
55442
28090
0
120305
79342
100165
0
59804
78824
87038
0
116638
82809
20772
41268
42780
36344
82959
143725
14896
0
76625
57910
62897
127150
75857
123643
38499
108301
81072
52902
75333
38927
76095
11494
43406
0
14539
52679
32766
98981
30610
48499
52256
107367
95685
145326
53081
22050
73330
64737
57722
39374
97988
145545
0
7601
88303
54352
126208
61976
91835
40477
0
0
19398
4244
129967
833
41550
90601
26755
100612
102081
5600
0
80884
67117
9914
0
153235
0
57726
2864
8450
22914
96238
0
40214
2800
12149
26934
98122
79737
48812
133294
67271
52224
20164
17424
120253
100552
111519
32568
0
58366
107851
46998
16705
60458
111313
108835
0
0
40014
35926
9620
23380
14613
125283
53216
27886
68732
48255
0
91971
88501
38093
218956
12594
23904
23874
23464
144109
65644
120958
71642
6580
52630
47662
77811
71318
104689
65622
152459
74507
45148
113106
132768
25860
8008
79600
108883
36846
161720
172009
133437
52144
94975
9462
87058
46492
76711
36479
32088
143954
61037
37862
144757
134374
45191
56518
68949
84117
113832
123007
44558
95201
77193
68988
81860
33200
15091
55048
8120
62836
78153
173243
34886
4872
56187
101773
23144
132909
103706
12170
122132
0
52274
66391
34910
121818
123506
73955
71264
18972
33139
7240
54172
0
43509
0
127137
47139
87629
6077
176887
0
74900
82998
0
28780
0
5940
62947
39062
35139
56752
2350
0
59566
25598
42475
0
27085
58714
69297
127410
70773
30387
137612
34532
1449
52427
0
29855
35531
135881
43863
11880
88463
61550
27270
42945
83076
71441
53333
16516
7352
0
49008
79661
116445
30264
48512
153324
31719
51396
77404
105684
59995
34814
128176
89504
50490
29135
34840
86081
22829
45896
175347
56478
6006
60466
80057
1875
42632
99414
62178
61853
10068
107034
74120
38367
119034
55233
0
73002
83370
0
67296
26421
35250
55119
77240
34876
1652
35730
46535
62337
38820
86260
8165
68241
0
102985
32002
52954
88536
29774
0
77442
71950
79614
152698
86378
23953
149540
97866
86060
30069
0
131152
0
60109
73296
11806
89799
106334
0
93641
47948
37119
127596
70436
20724
91823
81471
71386
0
6150
44292
47416
0
95297
17003
68267
42309
21480
0
145702
0
83564
24830
167413
89236
37496
5680
124500
27203
41785
61104
0
110444
0
22438
85238
82059
0
60966
50744
89997
97415
107118
90216
48422
156856
51121
36182
11504
52634
57361
28264
49127
58634
9138
90585
43200
7080
113338
15128
93957
78381
0
70892
49740
148257
29007
20530
86132
109714
43711
66434
64771
61420
58731
79582
115026
86689
130789
41784
118879
12464
74167
88900
37650
0
0
146259
100053
59236
57092
76825
57554
142367
68696
22044
33724
59890
245908
34757
46144
0
42610
129691
97065
0
0
123761
19296
127717
72269
0
36828
5014
105928
49674
46016
1468
75214
164850
154622
110952
111014
57295
36776
43064
128651
50104
30538
40198
39640
7131
760
62784
0
0
127958
0
14366
64682
90173
143609
77271
86073
75673
0
6128
28220
31205
57570
8451
53395
79848
100302
43462
60813
21300
14820
56478
43511
73340
43812
85505
34181
90291
48289
88701
78426
75978
24658
21840
0
136329
74305
29311
50860
9985
76388
122087
21949
37047
158594
169843
32824
15730
118588
113787
127082
0
13655
143742
0
37335
125494
0
100367
5211
19321
19075
64036
68904
4498
66131
105398
8601
624
0
66369
169923
32830
67437
82004
67436
0
0
40615
34163
3830
6860
39994
72582
59461
7330
65663
61591
104446
0
27914
69823
0
42803
53550
48596
0
38174
69948
69234
105065
106142
87277
136108
112139
35538
129479
64882
24700
78120
169359
79286
60606
6685
121342
35524
64898
71220
54961
83613
94671
105859
79157
7839
25633
89789
86360
59283
1929
58384
25953
52767
25056
0
33596
27160
18969
67995
0
79871
0
11580
67449
35552
38941
78652
109068
24486
27705
3996
21655
52360
115017
0
117156
102817
68630
109302
25265
103318
83598
55316
87227
57694
68805
0
128401
73978
25824
52119
63170
28388
101616
103521
136551
47730
40526
76809
27672
10780
0
86464
111242
136226
61646
70723
80027
0
63498
75361
27055
71890
37592
134121
0
111418
126760
10404
68268
46123
53514
43735
128607
111658
160553
114216
43263
158654
120482
38466
80741
129410
82721
104899
61924
63527
16284
108557
93219
35992
99353
73149
97083
23843
70070
16900
70750
97697
24384
71982
57212
49753
81971
18952
81427
91609
70043
70079
29207
75070
74539
56194
36799
57260
29037
96922
68900
25080
18353
59517
62406
36698
94169
138353
138101
4260
64165
0
86023
43006
122587
0
0
113254
44457
21558
38303
78402
81130
113013
111513
25928
61650
69681
56245
71015
61627
99260
18507
8703
17379
63815
0
50489
90991
54630
3558
50390
47717
97579
0
104995
98404
99728
43351
53016
60927
106792
35117
61920
50646
101698
137819
56718
104292
8631
61374
0
22470
0
125677
0
100445
20847
10990
23513
27730
0
55061
0
63180
25244
118044
102140
19239
100108
6224
0
77808
159432
37834
138181
70766
10848
61230
37586
120538
0
109647
12387
82790
0
98450
103415
12884
148550
40190
53794
70866
114265
37226
94096
122850
85717
132758
31651
185425
89961
0
0
83653
47554
98727
110199
56720
60080
17080
0
152766
4416
81802
56908
147115
81944
72097
49763
42108
56879
4968
0
27130
65839
0
83952
0
86066
0
163720
46290
60495
34270
0
209920
64428
21016
62824
27840
39257
127649
85333
56452
101478
37116
59948
70500
87130
91882
17906
0
81516
61351
5487
101101
97679
27272
33405
111412
74992
82083
146531
115194
69128
42493
163840
0
37584
16568
63265
39012
40666
73943
81907
57660
95451
132354
0
48304
84911
124255
90657
51733
31246
40356
4348
98945
74654
0
79997
45195
85684
38055
39739
130728
39101
5179
123455
85767
0
18696
38289
150451
68726
0
73317
66859
112093
58991
153693
68079
60961
12865
0
19975
52237
51732
0
115808
51689
61644
24462
0
74422
87344
0
98302
52306
73548
37435
72017
0
48496
67223
87303
16098
49866
2075
0
112409
59561
67612
177949
49492
15487
128941
59420
17235
39532
0
36036
120665
75572
94925
21948
5824
36837
64648
100828
0
72851
97663
44995
376
25482
118850
79647
130169
124626
56799
197038
65610
29994
16468
161464
33529
75772
189568
30618
100076
35864
0
18137
22482
38664
17707
18007
181375
27579
61317
18685
97593
100422
92594
40344
32900
133811
31426
98444
12754
53948
162457
18547
107726
39884
72862
82276
86587
86902
43772
87757
31997
8710
32293
50970
49737
74899
103698
77739
105523
79288
56852
104956
61791
109087
15220
118778
46656
225
150153
110847
65082
58127
69252
74294
128496
93715
89455
20714
114834
154938
75720
28545
81428
101141
1264
4272
120820
129724
1344
72901
56712
89406
38824
69809
120617
81907
21748
73663
25255
53679
92684
160141
49987
62835
119402
34888
86516
106376
99968
88907
90235
146831
114475
125056
174079
15784
50002
109430
148455
25567
124639
0
9084
21207
56797
108858
156070
31716
7044
72269
0
0
94617
84834
76919
0
109481
0
24817
31980
137035
41843
10895
111941
0
79171
1620
136989
144748
54681
117932
42306
131975
84639
0
16456
83144
54180
134683
46563
15120
15407
55575
76040
71194
130223
0
8428
8250
0
0
23691
54765
0
132167
412
50578
7386
46043
22312
71364
15493
9429
68728
83133
54978
15377
103443
49018
167198
51248
21608
36654
46882
66941
36732
49735
19366
14158
8127
148696
24857
117743
9245
88902
1193
68894
0
13892
0
89404
71806
58804
91404
28146
11620
80240
49045
0
96817
6800
43222
50714
20195
111338
57481
40391
56576
110623
48011
26722
32185
196407
10206
18732
36184
52465
132568
6606
85262
92435
101280
0
134440
60720
115947
30570
16430
112650
106542
56650
98674
56891
43307
100126
36018
0
11538
72708
40409
73112
149658
124107
21543
91196
44140
46319
156
50541
70854
33723
0
41322
0
74848
0
35269
0
94774
12080
35567
52270
48878
18768
148929
47031
0
84076
30262
19464
58627
2704
72388
111581
21682
30635
73638
0
79503
26153
130534
54730
91785
94152
20924
46612
30635
0
51910
59548
18824
59694
52919
0
56952
0
690
75163
74865
47409
107990
32814
154191
52474
0
78872
0
63570
72236
39772
71042
36001
110706
26530
118622
72887
81575
97121
55172
121959
69145
69503
74797
13110
91717
0
121484
60696
21012
72060
89997
50381
141987
34213
32842
69040
38924
47033
0
97350
28166
85331
137792
80815
33753
55192
41483
97845
88052
61589
6148
0
94201
29605
57375
108168
97268
54634
36938
47737
81769
53279
101736
13240
0
65748
52530
28916
38066
57602
106078
66805
55674
49056
9316
118791
40136
59278
0
15456
0
33002
8704
42253
65968
44636
10628
103685
71804
51942
117507
47204
36582
135663
99192
83634
45700
32691
58547
102
104775
57408
36518
50712
33403
40059
40227
116763
62083
41150
77555
92168
61995
96810
24401
76962
71106
53563
11590
58054
207818
99582
26992
79456
29228
108683
58047
131915
56668
180094
90504
74195
0
24481
57640
30066
69071
52327
69080
13487
38982
179585
101515
96908
104296
117348
36101
31804
6910
53215
92360
69510
49326
52361
60121
57925
57682
13585
62126
808
56885
98647
35963
0
98154
104969
135425
39009
58926
148313
44857
26960
26672
2634
34248
29219
90939
149496
25695
99179
142462
61519
49010
95315
38846
0
76331
87792
38884
69575
171877
124145
78994
17612
8316
70394
87478
45628
0
41600
53023
41542
86764
52114
26499
111779
0
0
50277
7785
151819
65844
70202
96199
44766
74199
92276
105749
102842
96941
19518
72532
55660
79020
52698
132095
0
80442
52672
21650
51192
89886
29382
44946
76745
19745
64265
76949
16772
139861
62248
46556
41082
99353
97733
94403
61146
111769
112815
91499
48766
85251
0
84448
118791
107214
171155
0
60978
116292
50564
104021
66056
67437
3708
95063
52913
50537
80675
64170
0
74081
47400
98836
44411
115917
35720
57258
0
98834
29634
21445
180170
76170
120803
35144
64827
62317
41208
111728
31262
126630
0
50778
79065
74978
142807
3337
32438
73078
85209
78765
20905
0
130339
88663
23620
14830
0
31152
116219
98483
38826
128894
10206
0
24570
6068
43122
44661
96289
52527
79142
50316
144220
59418
10032
15191
20890
34560
119820
69289
157439
49126
83455
57908
1179
4345
5746
106798
0
30302
27016
83750
90515
18672
0
41568
8820
87331
51069
56910
12672
31529
31068
32656
25234
48987
137708
72820
15528
84020
0
0
52050
63842
115774
59550
84039
23820
0
77268
130295
44576
58575
31960
2130
52566
100624
203976
41555
1580
59107
97040
33327
10960
111164
77323
108002
55820
0
68707
137792
111641
65048
116093
73931
18795
0
23106
117512
0
60075
25670
64473
5481
74301
129494
43811
53092
42570
112789
28485
34830
59536
0
133377
24358
2933
163973
17970
49076
96626
110182
9422
84568
143197
59957
91075
29122
75162
95051
78692
58827
193157
36958
38144
43574
125758
96145
83894
138924
109329
0
132658
57245
984
59064
954
0
98151
0
67705
122752
83736
71800
19030
73668
1085
48048
41489
34706
81456
6
0
37927
7464
81881
148723
47993
39366
44611
13206
136485
19789
76584
82687
25668
0
125524
110522
42320
106388
109040
91432
83637
55783
57488
0
45782
125286
85035
27215
6300
4210
19810
70693
8072
138300
26016
86040
122987
88464
115952
108827
64204
0
0
0
41590
118892
14076
60203
53157
98370
84723
124679
40514
21130
70751
0
50817
89843
49873
47928
37896
33887
90552
15306
80814
0
32732
112828
154651
88361
82045
19870
102020
110423
96799
6902
91338
47962
56053
47215
17346
201462
830
89443
48204
128226
10619
98402
39384
66468
53439
0
98680
7330
21072
44451
65153
32369
0
41867
2410
103555
30579
53889
13419
135696
26248
132046
83400
92878
0
25952
40554
106025
64855
0
156630
27914
61656
0
132970
13374
29694
122014
56050
113808
71958
43543
127455
0
17266
74733
93959
23880
99224
0
52266
8106
3027
120998
0
86517
13477
47926
25641
48308
68445
144904
0
109895
59320
43740
25117
85
104162
53536
95322
78148
26243
65129
114607
48207
39781
38094
71961
98014
0
39872
19570
14748
45491
0
124580
62884
0
87226
0
40059
67604
0
117616
31638
13288
103449
46888
141140
72005
79967
1982
52231
61752
0
120983
29465
113293
33488
192984
105007
2058
29296
0
88970
103866
154004
152117
0
89199
26872
26840
88294
128650
64466
59652
64058
121130
25383
103436
13347
69934
3528
34125
154390
35064
126003
98013
125818
51480
0
105306
66618
0
0
127802
76067
94112
137322
37356
40184
62422
9525
128148
0
116609
204895
51611
24824
54347
51238
8095
0
18295
12031
40521
0
86210
148721
78154
98280
28644
31897
7732
121854
135388
34074
31652
50835
123775
33379
0
62726
132397
41681
0
125125
20486
36781
86716
33382
91548
114083
120057
84208
18664
18875
62605
26138
96294
15002
32731
77617
58760
79281
49526
54910
17718
75172
111876
33935
82228
41267
119315
94452
125722
61151
43022
61019
91645
87507
96985
24770
66075
65194
89317
520
103683
113373
101288
22030
50444
36408
80607
33058
28917
8575
49343
108284
103777
3684
11169
175599
0
74040
51904
78943
25371
21484
44646
128700
0
31358
107780
157246
100627
0
74480
30201
72459
1805
133421
110883
46405
108954
132298
87466
81461
37080
51991
0
29798
114572
32782
91035
89688
77230
30011
18756
61071
19368
108112
50502
68766
87126
48346
46978
80969
51091
0
0
0
141245
152161
83372
14805
43940
45661
160952
66935
68557
106942
94505
79187
156165
70608
55617
73719
33328
41857
62050
32044
22604
158614
118300
156000
40094
0
100911
36920
126608
7224
131300
25271
131718
69405
75161
151950
8918
0
137199
46711
22076
103915
65364
0
56017
0
106870
3400
52873
21636
84568
308
83113
124034
9888
82977
87946
0
85508
20255
53187
111511
100471
13675
16164
15972
99001
63098
55210
23809
0
85052
5865
0
25826
60716
129619
87075
53679
70744
47923
22005
100244
86278
43069
39601
90620
36212
35150
26238
15920
202252
161166
0
10602
28455
8484
99280
0
106826
116857
54628
0
100519
115317
87320
0
0
14872
49889
20256
63582
4170
35840
91050
14852
129764
204293
129896
76711
67077
61141
74723
46333
142184
40965
115546
0
46592
165953
0
92380
55615
103942
115840
18558
95966
92343
93769
81231
0
60604
96797
61288
129647
82267
13636
44028
107721
34109
36492
27467
18627
0
0
80202
0
123067
160556
60500
55351
9372
23514
39921
99484
0
113993
103626
84688
18114
48131
0
28237
38653
54691
57860
111409
86883
76029
28527
103416
88360
125627
96378
115189
98954
9165
69134
100754
23201
77902
64312
73141
57694
116394
105079
140292
0
73386
110516
0
114180
152354
46747
7584
48115
11773
131700
0
107733
100094
115676
61432
156800
46702
55628
118427
91577
82214
54025
59244
67582
90029
0
48609
50630
0
4062
39826
87919
4488
116844
71022
105959
144692
12315
133258
6702
20825
65468
81832
90926
142046
0
33537
37929
28782
157423
36813
40755
17970
66833
13502
217372
17499
58931
42780
54932
0
0
91942
80555
0
36518
79142
7035
75011
61721
0
66244
27430
147577
6708
66465
126816
141161
66015
59890
34668
81161
19360
116266
51758
37951
31685
123333
113920
55044
95966
115946
0
5340
15347
51598
25491
45466
0
42559
122964
48303
26865
112772
155896
64090
18834
26256
144619
31138
0
85092
100408
30325
130831
16875
0
27068
72957
0
117339
41585
69281
42987
74216
32329
93929
126386
40458
41170
156216
36352
72452
54499
0
2856
57943
0
142311
31680
29908
31316
33153
166514
0
148744
14352
54122
53693
53479
40279
64681
59476
94528
51122
0
102208
81900
21168
125471
82760
75730
34905
0
97217
48634
48224
59319
39989
0
174888
53131
22683
41328
102923
2450
78199
0
81656
35631
36452
63246
66776
6810
103798
133894
11850
20500
115442
74180
25698
53384
23109
84506
78368
94614
59683
105493
13351
73297
122092
37861
49931
0
21984
96569
163872
76842
40993
69438
18508
112342
80216
0
129928
104218
50340
133838
16336
107152
33866
33460
16604
145689
93433
92034
0
0
46597
21175
40766
48626
52398
2945
56185
92549
53416
110788
88749
0
36030
100605
67729
73316
72010
94839
85395
134298
19873
30220
41403
34499
88498
57061
13044
82473
102332
37109
36366
62313
89533
101212
101194
53889
0
67828
49964
65811
22805
41706
68341
92441
177999
96356
85682
19256
77197
92644
129861
0
69384
43106
0
133198
95389
79537
32935
31828
104928
99442
58232
38195
36372
82150
133013
36421
56868
51623
88309
69746
65865
62984
133288
47989
86170
40618
88090
29568
81380
55106
52962
63636
77361
34650
0
15282
0
96461
43735
44847
24624
29328
103560
0
115329
4948
25304
0
4338
0
80380
1205
89065
4428
90073
17893
34260
37936
81344
165049
26664
56757
0
69349
81877
9585
17297
95168
18053
11646
63454
76977
106629
87113
71896
3335
46372
26023
64146
100824
24161
7323
112643
0
91455
64243
33958
155895
79822
40432
167101
45737
64038
138677
7510
31829
3362
45418
17285
10932
50536
170677
78288
124145
122473
13365
20542
50603
60660
140143
0
132730
153465
76697
114422
4740
100629
33766
67432
55818
0
44344
0
0
12684
111679
53793
25720
9345
124299
55537
94842
0
29564
47080
96224
61042
189163
59227
49216
162923
102557
69664
115104
82381
58394
111955
100264
46570
65063
113213
84610
89871
56028
52772
105183
43187
51258
17055
69200
68639
75360
13132
30868
82594
0
6856
64629
0
50258
96032
46132
79131
52910
78082
77038
203644
38784
163014
14490
84958
65421
6246
48765
0
48072
26350
63491
64186
70518
52068
69808
2860
0
59814
81934
111969
98932
48123
159441
40190
20613
225243
47805
131366
12303
152000
9042
50145
27612
110644
0
63378
99535
57579
107620
151270
134202
70659
24225
16982
51338
67287
9722
27256
13546
0
0
22368
53757
6960
43983
41052
0
41661
0
50862
9302
38168
17776
85659
78769
63266
52371
0
36192
142244
0
11352
15974
10732
32982
55314
52659
8159
84753
22043
7584
36268
40914
31025
73172
54972
22941
26664
114200
11338
38680
119377
159856
0
30592
23481
67085
66511
31140
133805
144295
64480
46518
36571
24640
11280
17571
100903
58439
70685
6929
42638
53803
51548
96854
49895
42443
107765
71360
100954
111795
0
0
0
0
25715
45755
97687
19868
46446
104597
95608
58224
41930
62599
73162
828
29736
106487
14778
0
66655
118486
33029
61696
4186
33709
34944
110358
108614
137348
16236
104292
72618
96035
128631
101923
59257
58340
87264
144668
19063
22040
28273
82627
94478
6700
63919
30978
64139
41569
126856
33289
115328
83905
98825
80953
67138
0
0
6858
59563
173679
57101
21896
43691
84682
69922
0
104922
103291
155651
110685
6532
83035
51254
52629
0
143870
78191
129778
162992
110379
105611
0
36274
50235
45396
28234
122409
41760
126200
93999
113793
116758
112977
99934
123361
43176
66877
0
124630
19929
68367
11894
31028
78292
0
86331
118657
50564
122650
46683
41702
51383
58203
28580
86699
49712
74343
99710
106828
112359
107686
56226
132516
123862
80116
73500
22638
69940
68115
78821
114175
78896
154663
76739
0
70323
139730
68589
56135
51012
532
50825
103553
48362
43455
5208
84404
68331
111348
50701
28672
0
66456
60975
121785
126025
46527
25008
55745
42508
23075
11800
61454
64736
62650
17788
160284
68039
118224
27294
19811
102754
52118
169448
66206
42016
28524
41448
115269
34556
23340
62850
0
19989
131556
63425
0
93431
96642
107006
80597
4052
27190
54789
67725
108841
81030
63873
71888
97263
56904
63605
140529
12006
20043
15218
51067
29323
36090
35918
0
0
78081
69319
75710
1914
122049
143960
69646
0
62455
0
111060
135116
28851
92333
113230
9018
45009
21565
7856
124861
98892
21134
101690
44544
61173
60998
146584
26327
86326
56788
0
53013
79538
67197
60104
0
119058
154314
43385
136663
86027
62151
86387
61816
132617
0
49060
45564
113161
37822
109151
26118
82060
45790
2435
11802
140667
42356
52535
57626
69262
179424
0
48137
43639
68297
137241
2740
81830
18196
32535
62351
147470
120742
106361
9252
37834
60765
75902
100772
100495
141968
111733
51104
117416
110727
0
78683
77025
125134
0
6450
138284
63880
84724
7726
77240
72508
0
102232
0
56904
50862
93974
86661
45348
30908
105925
0
1584
109453
102715
83649
0
64146
159389
154985
68656
75556
140190
1045
57124
174570
29876
19334
115955
19580
42110
114012
71560
67340
31356
65994
101110
57423
121780
10266
108993
29745
42441
30612
95311
92149
125307
16356
27448
98489
0
69154
104262
65911
43762
12850
103832
0
31000
137843
76308
22778
58433
112557
25827
164798
64340
84850
54558
95113
0
0
38930
45184
72623
37207
37662
186003
33580
92347
0
21405
22400
58687
56994
17022
82212
12580
107878
0
76467
117599
19090
84733
51378
0
56428
97841
85093
11985
34440
3867
144055
18703
0
121242
51869
67612
68985
171747
96370
163398
110476
98725
178645
92748
29862
134168
38550
71271
136262
67568
162341
30170
92981
40018
99453
139495
59747
74146
54228
118213
184048
121671
52295
38314
32085
38892
60551
0
101003
51714
32815
38719
52301
0
110848
0
90626
0
94567
77685
5764
17027
107164
88556
115577
129430
109296
81163
129103
84917
86842
48606
21900
107692
68325
121316
77973
82065
56651
0
32068
38240
98451
48840
0
54035
34923
102384
44455
24671
105544
116607
174645
94405
74926
30274
42000
24482
95208
0
65336
20820
9546
132458
42876
117490
27489
121479
128675
0
10522
101291
55733
51556
5328
61814
98799
125370
31848
63188
122210
108357
20124
101164
144796
4736
65085
120050
33375
93922
94845
132111
103498
24417
116883
97183
77500
77136
38115
51428
135992
87334
111956
56036
100758
94154
104189
1380
86590
166449
40867
12548
74225
63509
80079
76650
5496
85129
96300
122719
37294
57602
88116
19197
124476
36673
275
155703
34912
105207
46024
0
129787
50134
88089
26354
23264
10770
40794
50399
85503
60269
12240
112933
95251
104024
39240
39708
30394
70750
119033
80511
157930
45007
83258
0
23886
66921
22308
141277
12636
76183
132695
84978
63832
142665
91134
130546
123140
88048
85629
20010
82630
6662
0
60799
36330
61996
119530
20794
115227
88828
30952
165690
67270
6326
110357
0
40428
108764
0
18940
129159
33831
49484
76016
21408
77426
12892
21152
0
89992
69214
35512
0
93136
136460
33125
73418
94230
115576
109197
0
40532
80418
102866
63851
1701
19896
76160
41241
66702
49441
30221
106222
4100
57651
8208
79028
56411
67776
121826
17479
152045
0
108728
157887
103128
111654
39940
24582
37517
0
86436
37365
8730
0
38518
48936
32305
64931
50876
133140
114344
49493
36256
0
80076
77646
14840
31860
5686
121975
54883
74561
58992
83785
158428
13827
102747
88978
34370
0
89151
30642
14530
159547
41984
0
0
67751
109020
8600
76187
15253
46810
34494
56828
137020
117701
81004
66095
0
9390
0
45419
111370
65081
62244
86961
5214
31040
49803
118934
48202
0
70988
75786
16831
18916
82270
23952
0
98217
27660
80697
2520
80763
18064
50440
114622
62159
581
35388
155836
57953
130994
0
53763
69406
57432
52104
114307
66966
32002
65586
43332
68010
82824
34641
66214
66922
48500
22434
68164
85910
48998
171622
0
140524
89150
95719
0
47402
0
3186
113131
96035
86291
28054
69135
0
83710
23964
43339
0
87878
85746
47330
37465
40532
90227
106003
0
11008
141813
114423
37785
0
21339
109300
68847
141734
0
35741
126742
4904
122286
61465
56869
34940
53512
115072
101692
42506
114812
105398
110665
45466
89629
14154
21364
76631
37290
44406
112394
0
15548
128691
0
10392
46030
0
31970
0
103254
62487
76618
44411
56551
57981
34597
54064
104164
70204
21483
12910
99277
0
51504
95654
73091
125507
73697
50550
0
190659
101336
12644
21232
23690
0
35771
162692
63610
0
43278
55974
137785
123051
115827
53567
30020
57927
104673
83327
0
72242
101032
87442
51695
124444
4683
29387
44226
2922
82471
93072
56240
20806
97928
37772
0
77911
121324
100683
40175
144070
71026
86168
26090
91505
118442
108097
45834
37356
92786
21339
91676
0
46244
58795
70641
14305
0
82790
120384
160900
54705
180892
40744
78938
37236
46606
105676
158577
7446
59000
69842
49095
112992
98933
93785
51848
103667
163303
103073
14440
69955
48252
22408
65066
80688
8697
42666
38689
72928
94000
51461
15018
73739
21992
71010
18200
37991
12660
104068
44855
49269
110384
178203
63257
136770
123604
0
106652
14068
55387
29654
103934
59899
64302
78482
81891
7780
21436
0
12354
3213
0
0
105113
109265
137197
87807
138217
0
61022
37166
0
76494
104000
151328
153943
12250
0
139323
101764
65491
73324
0
60352
82494
73971
54334
160451
42088
0
109609
20587
59100
78674
60521
39895
62521
42840
88398
88045
135015
99085
54128
0
112662
48555
86248
50684
77162
9024
37184
7500
7404
36012
24726
7682
97599
110435
34104
181697
38874
69238
0
62910
41568
12296
35964
121817
67460
50361
44703
110446
58696
91385
24725
40420
20760
27682
21881
85859
60129
103591
52392
83398
120604
19368
22288
172412
0
148242
103569
28434
61024
151093
56784
55272
54725
69908
73992
9132
0
22568
60097
63331
125496
111175
71288
20267
119105
106981
60104
50016
25675
0
68024
72523
68411
38077
53179
81449
127365
138763
53049
95924
85244
148547
140231
36517
136234
110590
170387
141539
126288
1380
104231
11640
52480
102001
54905
0
31738
65138
56503
104326
0
19926
52268
0
130750
19845
29740
4125
93702
16518
53115
117420
49510
123192
0
34383
5064
70628
144523
115659
17985
111082
138643
0
93727
95519
22978
15200
57449
59258
103845
69574
120379
76708
78320
169437
60926
0
51746
132465
73563
203978
0
0
49573
61925
0
48727
122958
22758
93113
112063
21992
1925
135825
0
4040
75952
120849
51356
191133
116565
0
71124
30818
97444
85082
13826
98266
117954
87707
105688
81315
29428
77162
26499
46486
125171
0
35851
60817
0
83610
102708
17804
71644
71090
24168
170971
45681
125888
121512
72704
45210
24621
0
59469
66111
99393
0
116663
135170
32116
29363
14817
127750
25065
86682
0
83134
32449
0
163068
82388
82692
41034
71947
89490
76627
8829
0
62589
99324
17564
25755
85142
27308
133774
66786
0
43206
37110
37849
90612
114217
49338
139109
65762
70320
71047
100984
49147
40576
86639
72891
99909
84467
0
74182
80439
13161
10504
42134
0
65053
115633
110843
69147
75353
95167
71471
27740
75580
0
22600
64180
0
122718
25960
23415
16116
131599
69094
57822
24465
12998
112187
33312
113872
108791
104622
86860
24575
77362
47902
32676
35083
58828
162771
81798
20514
144169
53820
63887
66323
60033
58262
94704
102332
98485
0
2079
40856
110789
57856
69848
92336
29268
118698
56460
35034
62131
0
63771
57207
68337
41701
121716
147750
76724
127957
0
8775
23108
187716
1665
108123
94378
83602
53179
79454
56212
10128
49219
107568
0
96016
12652
51022
47036
23694
135222
76517
99633
71720
4398
92412
7352
102316
0
84891
104273
0
74643
69355
106157
63889
76398
0
178502
87107
0
42003
61698
32190
109242
132754
35766
30623
7098
10641
98993
56888
16206
17920
35346
56946
59082
13806
112562
158291
45048
10968
85833
21224
14834
81352
38072
0
51129
84488
28040
67780
43654
90430
0
137654
26529
135633
0
133866
69559
107663
72027
20856
124348
66712
89593
19665
0
0
40892
106263
54285
30262
43478
79868
41135
5994
66789
8280
130533
10969
35123
67112
0
0
47659
20568
43110
0
73262
0
106084
56231
115801
1905
161144
4068
0
31842
133660
22692
33091
55203
47442
0
14085
52380
105494
45288
57078
31494
73087
38047
59413
61951
119646
50528
35224
54398
57798
60338
53796
127984
60677
39010
75273
118163
68137
10226
0
79318
65728
158790
72941
27200
87341
56754
39641
51053
48782
63874
88434
111997
0
69486
11332
60350
131273
43578
0
76685
134224
28422
83695
99548
19802
0
147602
34884
56427
85796
25806
36716
144544
93228
44125
142765
85600
110472
79536
96115
75765
104777
0
60034
111833
3920
126656
73926
58450
14056
76280
59969
12395
88091
148634
50482
77328
59236
78007
137277
36500
20181
15345
76648
0
58515
87684
47349
119135
8076
37937
133276
22767
54696
86330
68264
116536
114208
134696
128695
78685
38581
20845
81309
92089
98933
52812
0
92616
82696
98309
61167
33121
89469
120706
97567
15516
0
58846
102563
35712
41839
71962
0
68884
19179
74701
0
67309
3640
119749
141372
15854
0
69665
95076
14567
36820
0
98799
103800
63014
15192
80786
18872
136591
78777
115897
18320
75107
114363
97580
110867
30000
62552
119151
99167
60455
95891
158217
46664
91378
63631
60218
51430
57790
93380
0
0
135932
203879
4169
8420
78536
0
23033
26655
79268
29731
101960
62185
87578
10044
110350
2802
94820
50170
29455
150678
64441
2985
51417
63181
63594
186318
53516
4830
45514
66352
17968
82081
4648
0
69350
37379
121522
9300
0
30062
0
50047
0
110056
170446
76388
77750
49778
5708
46732
44155
120322
2424
85104
133195
59284
15719
32444
25960
105786
62039
80220
37392
67499
21204
23862
84597
0
28842
45610
16798
1897
2429
0
29371
92947
137385
40582
0
70143
128512
45590
59627
0
41456
23716
11696
128658
118292
75118
19418
0
103100
101042
59062
112424
106706
52018
46934
75650
46897
26765
67384
78551
0
15582
60930
86260
48788
182909
81498
28995
0
16685
0
134737
106072
99763
105593
20669
20785
113631
35175
104764
121373
87098
0
623
101750
80177
17694
13628
16062
19674
124916
56459
104147
0
0
31860
86176
10747
16260
20536
128167
127304
79074
0
35641
34820
21804
36991
69224
66009
128937
117742
33455
0
96360
59164
8332
113982
0
29490
126273
44362
147015
34620
112182
88400
22302
130096
59785
8745
56954
18909
109050
82476
161266
105277
24964
73221
164964
41895
16350
69764
118728
167664
51264
99319
26376
25945
44891
81256
111108
0
80505
120748
99743
59324
6492
62881
42884
42518
123786
45304
46438
100145
20424
124734
52042
12204
11347
16062
138082
49350
120845
40750
10065
72001
61057
64429
70960
39946
145047
24976
28082
71513
116544
32588
76767
121052
74046
71984
51880
70093
0
68141
40351
7756
15804
40140
0
0
84797
37635
17600
95810
22082
63073
12806
149565
248
104718
30042
67638
78212
26005
41286
62658
117121
39349
9212
20163
23135
44954
191867
86377
80664
37580
10894
116593
101243
68964
40684
4255
31142
29056
79532
51031
47227
60820
45263
43128
37703
0
35118
93259
32520
89754
96263
0
60579
48062
12621
64558
96730
91939
0
80669
109746
104017
100161
63813
39624
27578
76298
16872
79660
0
19134
10818
27231
47400
123140
44116
128390
131351
37696
64669
85670
90812
37963
0
25284
87496
44005
50927
131279
4498
92842
81456
97603
31470
115250
30008
112552
0
29454
25444
112617
65896
28502
121156
49004
86550
101823
7527
104718
6534
2025
65505
158400
78382
59673
2995
47758
88763
111278
55052
49968
108044
67082
82532
79404
34719
103248
110538
155211
8790
55736
42159
63744
0
69925
51491
13504
0
105879
0
52031
54974
45902
151040
32540
88142
84680
123689
89218
121274
64192
49609
62885
12350
113353
41901
103581
158083
98184
171753
41011
132795
147710
128446
51443
0
121413
68464
58917
32694
147286
38276
92864
1160
5868
83298
111335
71478
0
80642
27489
0
68164
119107
128136
104153
99896
36426
142937
61474
80797
0
0
59689
41730
45724
0
25362
62272
32676
10498
9180
0
43272
82520
22671
43337
110826
107499
5256
59339
0
169822
96933
0
53499
0
72019
80499
22321
0
115823
47461
33852
39610
23120
128372
12102
55570
49198
107784
118438
73513
59940
96369
0
56546
52983
90858
88122
38258
0
23184
0
147596
0
121915
83224
72642
121927
31904
36448
51220
67601
50697
122970
168981
1854
10512
131781
0
73640
87745
67444
163283
80921
0
118960
28590
36269
95289
171594
151776
22337
82625
26650
20685
155392
7302
18410
84070
0
79449
66143
134141
19765
61906
149918
52058
65776
107719
0
0
116981
91125
40322
15022
63835
70780
52274
129649
131986
0
53481
28164
0
70715
155696
64183
0
88916
94195
44473
159229
72158
129029
41683
82712
145280
46590
69541
100810
23317
57501
53508
66209
80896
12815
90469
144884
66722
65947
68859
50777
79577
86756
21840
72168
66996
89097
53705
39133
119478
86232
75585
38969
17305
17547
27286
108499
14570
83223
114014
10036
68176
4330
189536
56640
8622
0
1122
181081
185584
115121
64720
78180
18580
14724
56051
111377
52393
86613
0
59237
29810
86269
51562
113380
75195
17769
74588
33408
0
5982
27770
28158
39078
22853
65602
3102
77453
39821
78304
53448
32874
103780
56555
57627
0
129167
55235
122590
61960
100119
143529
0
0
96064
23606
36964
16896
12165
78746
81308
64706
118385
81662
166828
153709
168581
92709
21570
48104
48602
87125
0
49365
45608
94401
36135
34636
20390
141980
102445
0
89939
199090
106902
45624
83609
16480
0
111512
153795
140253
66570
0
54945
0
23565
58042
93538
9356
0
140606
88533
26183
22530
134226
38152
97572
61075
0
126820
80589
4472
76269
128343
22002
4632
115454
110390
24626
56775
46206
50130
46412
17084
51681
73548
101640
4309
56935
82262
41634
0
76323
0
70894
110225
37818
50292
42929
53951
80962
126079
44035
78918
0
0
1312
100201
43186
52718
105260
7420
20689
23432
33850
37158
74964
157058
51098
87880
77497
138571
45524
58032
109300
16746
0
6924
47184
64134
27419
66469
58209
40050
60851
38534
56470
81985
37619
36812
105407
65838
49832
144695
31538
136074
69862
30930
62852
115264
126389
47990
13620
80264
0
107167
120094
25124
51381
29126
23044
120295
90858
0
0
50679
22795
130839
135907
56287
124519
22412
125196
16560
32483
32823
146976
33112
109005
146131
49820
43819
75650
91734
111490
138671
0
79902
35947
0
76170
0
19655
91844
89087
72469
166701
39988
10525
57802
5916
0
53416
21192
60272
44626
130581
91057
46437
8778
10048
106794
36704
8672
23175
33120
103494
113452
85954
40948
35006
35264
96795
38496
59793
35280
163835
71195
115802
60280
61103
29677
0
92807
88280
31609
40916
54115
29051
72649
115201
15855
0
35082
60189
19893
71850
122997
150814
94345
38667
103282
136442
42067
173975
41826
852
0
51710
54889
18388
46014
15728
47112
107832
119654
70015
125716
80479
104558
60792
116
127574
42012
0
67632
51702
89460
82322
108178
95425
43717
62742
49818
67413
36949
47584
102043
13200
5383
123094
49556
59196
80489
85911
47118
18342
69833
35036
40831
64095
99570
0
79244
143798
66312
74124
30152
55565
30646
65101
29764
80669
0
77956
0
0
0
82333
115983
38632
18480
0
192622
52213
136489
55243
85200
39179
142110
75964
120737
117108
64400
126935
79329
91096
22392
29730
92650
24510
78308
80936
93955
85039
112790
12740
172458
49215
0
33304
0
23384
14210
0
88154
27532
67413
77178
40761
85950
77544
93394
15600
13439
109054
44288
15718
137982
158032
0
88729
134660
87416
0
40734
137539
169546
36052
97083
91830
53886
120632
126028
60575
0
108370
55271
0
66989
99582
40599
0
64594
52142
41222
77970
45628
94724
0
121099
73645
4350
2823
102245
12020
99061
62771
35084
4370
84138
82257
9369
103414
45139
17184
145852
118487
64120
29731
92752
15722
10508
38155
28076
84265
24094
100006
60894
45128
28339
89792
9312
68896
71858
13002
21658
151978
0
0
44468
84701
8196
74437
6332
56814
138438
131515
69105
16524
23778
152637
39706
4540
912
50728
79555
0
63815
22660
19431
70677
93424
34646
0
38946
0
32733
456
92703
19714
10688
128974
81029
33752
0
55728
6162
59060
45505
51026
67319
11328
0
86778
106741
104029
38493
24
87394
119845
58785
69996
20556
132316
19294
90987
84046
17115
13272
146208
8672
28272
106752
0
54118
155169
42269
103863
124277
0
99594
104770
46084
50274
62616
24866
50616
115874
114877
38996
33107
0
0
0
116885
69787
0
148852
138166
24738
31614
69355
157253
98747
0
86793
65555
38038
114657
23750
117039
6090
0
55598
71475
38910
41250
152913
21660
177490
43262
75963
123619
1538
95096
38037
84439
17341
42504
54572
77567
28732
0
137700
26498
81501
15055
13952
93936
53007
18300
81757
47759
0
20365
11492
37032
49290
72782
97302
33420
84502
76521
0
87638
126536
211541
0
44640
107075
0
59484
10770
49804
87514
11450
65086
55455
26120
31966
22296
30172
78422
36452
61472
36840
0
84275
101546
0
77755
91521
52841
123063
57130
173013
99940
44846
20211
124789
81546
11160
84923
15660
0
85759
66564
170912
26691
45784
85012
0
67991
13429
89242
38343
93861
88726
119761
73740
156414
0
0
103729
24484
85142
45980
55119
121855
77472
144413
2032
86305
114305
28628
52521
50400
49033
1890
84246
75820
54706
62307
95322
42491
16746
89623
42182
11831
27287
0
97519
0
0
63852
21304
84535
87519
64996
95662
62128
0
45800
129270
56021
75714
0
84410
67412
113496
0
91298
37590
59811
77533
10950
21960
38411
162354
89252
19035
64268
100992
27992
73748
82747
0
71644
76394
97479
141848
17002
24213
0
59977
4948
76806
69124
12830
0
102321
80297
74654
112940
108892
21047
139273
35161
60274
26079
30813
90693
54444
59953
163867
32784
106780
59021
32925
22128
104704
34774
51914
129756
5850
82427
0
14743
76502
195944
89201
8372
87257
9363
79388
5576
99753
39184
123545
0
118157
558
50028
0
30519
24189
47737
149216
77873
62345
52306
0
0
45849
121108
1878
96322
31687
0
117108
9162
15419
40412
95381
98223
67469
124966
84949
5425
96125
38200
58538
84636
0
26080
84140
7544
136751
10814
34475
58466
160561
108136
19290
6098
33362
146150
16301
52516
132917
99356
39291
5726
61995
28072
37562
67566
20394
81411
132332
65023
102778
0
100563
143798
45521
92462
46162
49750
64078
24620
0
95904
92498
0
147836
28886
117118
95674
57804
9051
41283
12128
0
65369
47652
41540
0
87363
34504
34685
100121
108789
89439
88862
59747
0
24533
99264
85321
87938
131480
49314
27380
88816
108918
23397
65910
84433
59957
86701
26262
0
30300
0
75620
0
0
83788
67591
140810
137073
0
108890
139694
41222
85547
49595
81067
102454
52616
68902
66837
42166
117415
0
1883
0
57662
111640
123081
122897
54457
149089
140012
167475
39528
39148
4388
45570
100995
160781
60655
233701
85015
18893
62418
29765
83894
38149
32010
97077
56688
82963
87120
74862
45640
107182
10368
63641
46041
852
74712
42461
113660
67011
29553
0
53672
0
78421
131672
52282
135732
83443
15277
124240
114065
67530
40089
63561
48924
120552
96258
127602
49759
52587
129685
91511
0
113801
83680
33999
62461
33495
0
117335
57593
115448
38580
89111
105168
70324
26993
79728
0
112802
49382
46671
105423
107062
135620
53811
37215
82111
575
123476
85019
82869
95090
13265
70461
7656
129821
123474
157464
43191
24535
62728
42360
20640
0
23022
115968
64697
37725
61477
13840
57895
151620
71824
116360
25834
0
1338
10284
22912
18066
31451
4932
37766
48914
50633
29806
0
71904
57114
11928
64177
101391
89662
123361
91466
61279
84758
89366
19709
106205
85193
30470
44185
46988
46741
68282
66456
18970
181989
2104
0
102166
150562
70893
73895
128583
116447
87733
116578
116696
67108
105268
95763
108146
64358
3732
119227
29466
9575
64850
98119
35523
26753
34513
93091
14900
14600
33777
44163
84369
24102
32604
120286
91146
83370
5508
55304
56073
144421
79179
144378
18200
36476
20226
94620
4536
7794
31068
20418
47547
122112
56311
76743
101782
15731
84119
77946
68595
23174
134942
0
0
21792
0
79891
35486
0
22910
27010
54126
73101
25898
91572
43196
0
0
27427
0
85011
39690
57223
121336
5058
84445
51982
108609
51428
12245
47533
80696
92102
30864
54246
845
43457
76825
40823
10119
0
0
70544
42244
0
53880
57994
57387
73285
15369
0
201821
141889
92861
55245
63418
121936
40471
60336
0
0
100849
53521
68579
155906
0
98500
0
0
0
53550
83487
62331
139356
435
5484
15424
114335
82847
74446
38754
30680
29827
126697
128243
10029
188828
861
143519
22944
0
32648
116483
47800
0
79856
26900
9690
57700
90601
312
128449
60691
72448
93190
40552
45251
3068
0
45848
0
61536
81866
54780
44218
92683
69230
22960
40454
41494
69578
53509
44238
90004
74658
101235
14140
122404
116071
90315
36320
42845
89057
130703
0
19134
35186
36128
111758
76316
29498
111307
67694
87436
73226
4680
0
98979
0
85122
34176
47325
94303
69349
47719
18093
0
0
0
6834
59489
89112
12133
96151
69084
85690
130101
51066
82602
5997
34424
105327
37689
87020
83909
112464
65139
0
20010
48518
114676
52275
88868
89142
66998
127241
17814
74280
52104
39726
67378
92104
142709
139033
74478
58906
48309
0
52747
105893
162924
112836
47438
104551
37143
27924
32973
0
17251
25310
57889
43282
138999
126981
109994
122251
41713
88988
112332
101874
75109
105553
52233
64371
15184
85218
38692
82397
98165
69809
0
56066
50741
37476
8072
20898
33540
106282
84102
0
70743
64356
156055
16323
123058
88265
107792
38175
95468
80638
67064
57728
34700
0
45424
67914
47898
49716
63197
38404
33950
46512
81031
59524
62142
0
94278
125147
89574
119166
107758
78540
118615
53042
0
18640
28054
31938
36016
81389
19554
52824
59539
27875
136884
115005
97666
139835
88022
58634
33406
60970
14035
51350
0
122244
79676
123983
71182
57621
108123
67947
0
132143
90448
14400
121448
15048
65238
50616
91492
61599
34360
41859
21966
65511
119683
32446
91705
39770
137355
20459
85618
126411
158643
67197
725
93996
19830
54186
61304
122620
87316
29826
62912
49494
26170
32186
0
37369
0
130004
75180
121996
0
100470
0
26125
37952
97862
58440
81521
105920
36595
130453
25928
91663
146992
16194
71090
85660
51046
0
74780
34120
44345
107617
132223
74138
80688
79636
0
46533
52325
122984
142904
90623
2570
0
56938
53933
0
55775
36815
0
40740
0
73629
100002
53502
50444
113087
39347
127223
108846
46775
72446
125881
19112
23860
117012
0
30550
5708
64756
85783
40766
16896
0
37661
150575
58629
36316
65272
116054
88680
0
56269
73043
118780
171034
148456
23824
106377
49725
51187
61944
97058
0
0
27971
81033
62988
83005
69124
44955
114662
76188
27823
121860
106286
26565
0
0
50630
83885
39642
15957
41467
61873
149485
53990
55968
51084
62389
43010
79313
60649
158937
51750
39377
69760
12130
0
30471
117790
72452
57342
129524
71257
43632
39075
203027
155454
105801
36006
79465
66739
0
19824
61558
113695
110424
79024
0
122456
53880
124890
8272
110253
101648
100205
39344
121960
51352
16512
154191
0
0
57462
46904
63461
176737
19215
27139
50228
0
113351
28694
76070
34439
3632
100332
23109
82464
79261
58521
62211
20334
79154
111896
85344
10992
58628
99754
16714
56376
0
73822
112097
34456
107168
91416
34209
95957
31645
65168
34579
73314
96522
99265
14886
36543
74982
50191
25036
67658
19665
66626
58480
9429
72635
129411
88516
44812
126869
146349
105721
147626
23090
52926
0
64094
75422
109095
99240
88469
80187
76103
25956
9618
60075
93243
109624
142714
11136
85460
132483
69577
34076
98897
12188
95574
66583
62460
28418
64773
22026
84828
5924
48558
88427
90798
51391
0
68568
206578
122510
74784
0
141368
0
117239
58673
700
59538
8208
105962
131825
53532
188297
23487
33428
12528
118558
56292
0
41748
177115
13608
172194
60663
112625
89550
73818
0
7860
75182
43647
142821
0
90077
52375
61881
66849
83920
56920
120412
170718
8169
75942
97839
65166
44977
16475
54777
50136
55917
73206
41794
9416
77533
101634
100666
81484
27336
132287
0
83383
32345
74313
30332
102386
79440
89578
81779
34158
164579
69915
6430
195186
78305
35099
112091
89440
170449
138716
110497
48603
79217
87090
135617
20566
1866
102945
90039
112760
23385
136415
69588
46824
44679
86892
84087
110768
148818
64736
4640
42214
66066
156981
39742
36713
61327
6528
109305
35170
156109
111565
116896
4028
58366
1064
59500
0
76288
64555
23961
96767
0
4436
0
38253
32394
75556
93555
62865
80837
70007
62804
51975
60392
34730
115986
167550
82294
66261
93373
585
96362
87789
25660
0
65694
108817
25072
87801
82433
32984
121797
110837
48805
66702
0
152624
116414
69539
75371
48258
0
68416
7860
90953
127499
25800
19672
80520
110836
117071
164059
40282
94503
0
25188
177937
45645
44556
0
0
87026
0
24168
16681
45424
88836
28712
17137
72411
62705
68091
123093
82314
72025
10458
36906
67160
100567
36772
86915
94786
92732
58802
128419
95630
0
89703
3710
59769
32711
0
9232
49600
24780
98904
57456
92913
26328
99034
77969
20826
62554
38496
92172
17476
62627
144970
60321
72138
50925
160532
93431
8952
137196
74758
10928
0
73926
78652
107335
71013
0
21123
64140
43039
79859
27877
130649
51618
45045
52220
104082
51802
21993
0
25395
58388
37125
64841
79214
36052
4396
0
98510
11634
0
58892
97955
128099
11849
112
22110
138762
99810
46775
0
3860
60138
0
139026
0
102138
83173
98036
62495
84330
134508
25170
78707
149727
105813
28300
13480
115187
106857
123373
91211
15829
49500
0
59505
76574
35956
85323
11213
157266
0
163922
58822
13662
104499
0
56640
0
101077
101735
36495
77063
0
110840
52124
51916
121346
59212
21145
101397
21753
17410
55933
61517
83969
0
104073
59333
112677
26631
37209
102402
60105
23800
164819
23955
85644
97536
0
10838
110527
59982
2495
13428
95519
22290
0
763
112121
95067
33714
10648
39061
85731
154130
124427
0
30138
94669
38182
144903
93695
100599
0
27865
93360
44386
89420
87971
76803
30565
81993
157530
120192
96297
56636
27823
41190
84855
75162
39703
25428
43920
27040
48958
0
63904
0
59824
39514
170737
74226
0
91968
56962
76189
85473
147786
87432
54127
0
0
89136
26492
0
924
139331
64734
74606
0
49225
88926
0
0
133393
13705
103072
11745
62894
22284
36143
144172
76774
27785
16960
41874
0
0
79554
152942
42820
131660
3576
35232
43897
30032
71274
950
63285
47345
65486
75665
0
44957
99411
144181
55131
143463
88260
54100
122150
39967
7926
45154
23426
29118
6437
47299
92794
40266
115423
0
79761
35964
56937
71804
129300
115801
63069
0
53173
73791
117326
43510
78296
35463
98588
107742
70424
11244
16583
81735
14963
79578
110434
98734
34818
42910
117219
0
100698
95186
93665
25271
99847
33275
748
92353
0
85544
36152
94775
32036
48842
2280
0
63324
0
26820
129385
7791
10668
90261
0
118174
75975
31422
47844
43286
5856
0
0
112610
47429
91790
92608
88772
95081
85329
0
127903
0
65395
15450
0
25890
119531
11792
57094
82650
7240
74624
52808
71443
89575
78794
80545
37277
0
61703
0
53167
65610
118097
0
56681
31377
79305
40413
0
93520
140538
29666
46112
33211
32808
62680
40649
129488
109197
77896
107999
56837
84725
78931
60400
40489
90209
91169
50452
0
22062
74011
74645
84142
54349
33430
42352
79390
40416
70422
124385
2931
100233
174709
97452
36504
51715
130226
4290
21160
0
79588
39810
35222
0
72936
13865
73021
0
54047
72280
84494
23814
0
49938
0
30166
115436
47467
28060
140173
0
41668
66178
0
65390
67538
42134
104548
18908
143500
32236
24956
10090
189631
51425
23162
110831
54523
75131
76370
0
83987
37035
54484
1725
80265
0
136690
136674
89468
108300
28868
81429
14652
28394
73258
17375
77066
16327
177037
34260
126688
62691
28315
44155
20372
0
118215
90389
47004
95006
49424
52848
104352
113755
66933
114900
0
30762
45576
38111
86651
40265
59899
74525
98526
17456
0
4755
140634
0
79237
61377
67186
90802
101141
55354
0
36104
45012
41284
0
63730
62346
73324
132301
89688
131078
103753
27541
106475
131342
53227
24956
74614
144159
30515
115170
83745
56066
2940
49621
35692
20834
57462
99822
0
74730
124266
49824
61652
1110
528
96417
19875
19914
20525
8295
107150
7172
46767
85893
1347
176045
0
61141
123638
16690
119519
101483
14710
44267
17831
12575
71067
94899
150416
32069
41725
96923
53074
65740
54608
127548
105551
71563
84461
4698
0
3762
69410
122757
182935
93242
64344
0
0
29679
47850
15506
119042
65107
16138
65940
78042
35558
62339
65155
85325
51304
46951
40495
54075
116849
92725
112358
49852
122036
130410
41417
62119
105722
57646
71354
65686
50225
108193
85510
59651
14148
98722
90983
100675
36173
100837
37070
32472
118313
113694
38495
127952
41273
51052
107750
30912
36579
0
102045
80153
67786
0
103983
0
9389
77220
60153
76325
35910
65591
52724
47705
1410
45650
63452
123077
45599
23845
39834
103826
53530
183190
37434
81961
34388
39433
88351
15926
40536
23619
64223
68945
0
0
21480
99571
16063
150352
26185
168324
155708
91508
43154
11800
83910
104610
10654
85873
100819
43052
104399
4496
140837
105911
96309
39317
113897
14034
64260
45447
6686
154504
78076
188056
0
80711
103814
0
64358
118956
0
24556
96978
0
1374
77541
31814
73000
97967
41931
18971
57848
77703
127906
0
74671
0
44048
0
84502
75373
80826
3804
57072
105102
0
43155
42164
97236
95470
16288
91721
60229
63980
131820
45834
0
159868
80771
22459
0
4018
56770
106495
105983
40258
73031
55403
78646
76756
41630
29491
77335
80422
49160
28789
92219
0
127934
55291
159571
106422
63169
114381
7987
91618
137126
74567
85916
34070
61292
52388
28248
64066
82865
75901
7281
121371
77898
0
64958
218919
29078
104142
13632
67415
140100
110056
111549
69928
55386
37658
0
133596
50334
118614
103591
56986
56082
119575
62819
2736
0
81907
143589
126286
0
20922
43792
728
41522
126527
19902
84523
7185
131851
170452
53083
67850
91673
0
24069
107570
64554
80764
32172
54672
20741
16335
46573
98041
125882
23505
179551
0
46420
59270
52135
148760
70954
84646
115291
32277
8216
79921
36444
126404
44621
93139
29259
7896
30283
48833
0
107870
40032
0
0
192240
28036
155763
142141
122340
114660
70880
0
40841
0
41206
0
107102
103277
66913
63648
94342
25949
5480
61693
46782
86288
18528
4664
76707
39455
81293
56616
48752
119887
134219
0
85949
27898
10350
54143
61767
99297
119750
79834
110239
154020
43792
75793
158169
0
101215
128857
59854
81088
8968
187515
0
12115
99066
101972
708
61105
73212
64911
66613
6848
25088
40520
38910
132210
34318
16230
141417
25194
47508
107465
59358
23379
3395
110538
46826
61388
108701
16644
63776
0
0
45330
0
38957
154487
69415
85278
96161
86126
105259
83950
53089
50070
36015
137414
59392
30611
89395
112358
2628
31122
147670
79109
103244
92803
75385
136826
35742
112839
110416
71717
23576
7147
0
74344
19784
79854
14215
57912
24941
49278
43594
68486
78552
90412
75950
79296
15366
155979
60674
0
99101
63174
61654
83712
49303
59935
85381
93139
175761
0
151506
77065
138325
90227
81975
30674
154836
17348
68332
66892
94871
104077
47533
65158
82216
100681
47647
25092
42567
26651
128002
79036
79213
111768
0
54702
35896
84137
24430
10688
7782
46566
14149
672
0
56077
73340
94042
106611
16755
48883
110417
151007
0
18513
84347
91327
41688
138330
94131
68659
54679
37214
14544
134371
49419
44121
43656
7030
20136
69654
143387
3228
43409
93788
0
10275
0
25128
18135
53448
78164
117179
100904
21406
122624
70015
106733
0
53513
44890
44756
127864
55384
65537
132158
167810
80412
58120
131944
31648
88807
32860
5605
102395
133277
30384
58896
42539
22236
62341
22049
58877
20124
53746
68507
113552
110290
9624
8232
46237
33022
75973
45387
136325
80205
19862
35306
137560
46300
0
71509
90803
55511
45936
63556
101185
0
12708
27180
71196
0
36044
7088
105569
74481
8520
46938
6410
43248
8652
26200
146633
0
46336
66427
48315
142700
116028
68782
42653
70497
38332
17638
52327
40636
127766
17361
23414
116991
73016
13538
103219
95149
17951
0
65430
27682
141838
77043
56230
90095
22220
32988
70781
0
71107
51533
49319
40643
0
69506
85012
31398
28904
113115
69596
90297
79253
8531
121007
122002
127273
15289
113397
52698
23438
0
73695
96723
92448
96968
0
46835
25902
0
26236
68710
68462
43794
57942
94420
88751
44074
93996
0
46477
56855
67816
91994
133161
81897
115897
26069
107514
30474
27641
142460
31404
190870
70787
0
106116
38338
114570
55572
95953
69952
77172
110360
24464
140152
22655
56267
11910
99885
112400
45114
8206
47659
61973
96972
6685
64864
141912
121489
75168
75938
62107
49341
3648
0
39472
68123
42750
54542
64036
83001
195178
57490
37773
50448
67692
12540
63847
30469
22182
73220
56044
33423
85523
146182
0
77037
79288
0
12720
14778
0
68707
50251
53351
0
79498
8540
93882
64282
46176
73019
0
120275
55450
83101
82443
0
5970
74266
23748
36754
105883
93395
79734
26078
17478
134624
124036
190923
25476
119865
14530
82627
126944
48691
90136
90633
21532
35007
12534
134920
68070
12974
63131
83230
84362
105393
59007
73978
20783
0
0
41557
0
118697
118586
0
76326
12276
18765
29223
47300
108293
69902
102266
136864
0
28417
7628
75780
22032
96302
102917
59293
95890
110299
12220
0
64633
69091
32874
0
12796
42439
49594
79651
97577
60035
170106
1745
132187
51740
80000
74698
18534
56573
74702
61834
86131
85941
38743
82233
140024
74327
92490
27201
128634
116786
59746
56484
23869
60435
81530
20286
67797
8896
112388
85893
71118
71052
0
26786
73606
87234
68314
44324
12760
23455
5800
74872
103274
103077
0
32046
8826
114321
106859
154440
120751
105102
15556
76004
3925
0
37529
75877
17188
121972
74752
0
58773
34025
5751
31462
77050
86782
12302
30806
24428
142352
33750
235430
71422
53056
95144
20562
79569
113426
46068
50934
18564
21728
80216
37058
42481
58678
41944
0
152316
58337
98522
169512
45230
0
21282
12488
0
90
20625
53443
73150
10941
55396
0
0
30342
45236
46734
66687
108861
57998
26334
77986
32580
61743
92620
95582
35917
61022
38558
62226
42315
116917
58007
5296
68934
42071
52282
0
0
0
59473
5645
105921
72158
0
70434
41689
12654
0
67678
3856
140145
38151
32032
74330
61728
25997
108633
46834
63683
127172
37946
126578
41532
93073
91431
17978
68348
0
18360
106441
88102
58520
104626
49885
103650
16534
0
129333
7399
0
20330
77215
0
0
94776
71639
31110
37140
52315
24531
108973
65709
50331
90882
143710
118845
54295
50496
98565
0
40159
134479
0
174738
24260
84297
42888
154857
129128
28801
129926
59600
43382
62291
36822
99356
143875
36682
97845
126775
57842
47621
107672
56910
126734
0
33051
75750
54431
74100
13662
165725
175964
73068
29160
53072
0
102588
23574
84246
27716
78841
59654
0
86933
17801
141541
136140
61650
124089
33855
0
83171
10539
66233
0
99869
12283
60023
0
0
68859
116221
0
152418
83569
20247
43350
111482
68709
159744
0
60109
84810
0
78783
0
31104
22185
86457
70206
25636
64649
127961
111687
139406
121967
6858
148306
62948
40378
19411
27295
54414
109378
110114
181042
45402
34393
76323
25866
127400
83314
57523
9420
38219
61425
40628
57168
62632
56434
44399
31720
22750
59928
71514
93348
44453
160589
89658
68022
36766
51000
11481
133686
98188
18021
84338
71542
67104
86543
86119
111828
77482
24370
17680
8784
91408
103439
55536
35627
108913
154544
0
47788
106009
73808
19947
27874
148153
100004
73688
13230
139942
11373
44207
65569
32670
40393
115412
56861
117394
34207
25262
77397
58272
57286
0
76235
41591
92430
70549
7370
88130
86585
108958
51627
49693
154204
5365
59705
72643
18057
52663
13173
66988
35032
38872
40557
136399
4290
78599
89434
0
89699
8835
0
35862
21014
49792
70058
99390
60560
49093
0
101838
0
112846
3339
64863
56917
126300
92567
54026
28364
0
45258
89435
13600
52924
76255
29091
36010
109345
121230
134358
0
43435
57713
71034
46118
40024
74167
35000
143786
91068
40376
30412
2583
99433
19340
19564
18904
105519
0
81511
92648
15073
46365
27080
31248
24238
59298
14305
63201
0
66518
23625
47219
0
19846
0
0
47072
84420
95121
0
35598
82713
0
53024
89588
23193
141266
11864
16782
55286
0
113447
99605
38897
53575
99201
47427
60384
131182
34922
51496
50861
64153
0
62816
101622
0
44897
104478
105083
122628
104742
73273
110824
75870
5103
7792
101427
35419
16643
96499
38507
0
64905
23886
129058
50279
95579
2180
86985
68603
44625
89966
74325
67123
2298
12103
130294
124126
47205
140240
34283
93146
113296
0
12816
27828
107681
139297
74177
29548
15245
36405
21130
35739
43854
171727
45346
135191
74569
102188
43668
28017
39316
5184
67451
11376
24786
45246
93639
4900
44982
15076
40381
0
78799
47808
45497
50946
92802
75466
20018
40857
129009
23776
121103
112113
93724
67263
25391
46004
83558
75273
0
18568
13614
138611
85966
57139
40886
118487
50428
121098
35710
25732
9120
36946
73310
10130
69123
39180
0
23143
152176
99506
131885
113096
0
0
31476
99073
46239
0
80039
70786
60340
35343
60002
68297
19061
142933
126025
131713
1885
0
21640
53572
46078
68677
63327
142550
